135468.460172968450934
  2001.039519881882597
  1530.906834719133030
  4999.428891343626674
  5635.164966475881556
  1551.531139975273163
  5914.146304882632649
  1595.915317534955193
  6192.673459908987752
  1641.972682431581006
  6470.639112874579951
  1689.716848923847465
  6747.949011308282024
  1739.161606261915040
  7024.510170951111832
  1790.320637493741060
  7300.250168226550159
  1843.207566552836852
  7575.096373102658617
  1897.836116149516101
  7848.982560983876283
  1954.220031745230472
  8121.851054835866307
  2012.372519146414334
  8393.646379058054663
  2072.307427046990597
  8664.319725878467580
  2134.037578710509024
  8933.826426251720477
  2197.576578598750984
  9202.117809057937848
  2262.937029728006110
  9469.156015067879707
  2330.131983351251165
  9734.895949222149284
  2399.173217643648513
  9999.301935723937277
  2470.074008751904785
 10262.339867566839530
  2542.845232087125623
 10523.989349242068783
  2617.501020068386424
 10784.213397842824634
  2694.052175671288751
 11042.986808016277791
  2772.510942299119506
 11300.310051254016798
  2852.888783664745915
 11556.109970806593992
  2935.196663685746898
 11810.373833566178291
  3019.445498741395113
 12063.080891618667010
  3105.646089544309234
 12314.219346749303440
  3193.810334796083680
 12563.774968827920020
  3283.948090419698019
 12811.701895514783246
  3376.068952261262439
 13058.003016504208063
  3470.184420751417747
 13302.647235790784180
  3566.303896528595942
 13545.635468530181242
  3664.439540817856596
 13764.492914716334781
  3763.436716321560652
 14009.345924346414904
  3865.675329273115949
 14222.257207523503894
  3968.509580379637100
 14461.950176437410846
  4074.648246243069025
 14668.560073430398916
  4181.297660260436714
 14902.697145881820688
  4291.308691390701824
 15102.631341786027406
  4401.736063807684332
 15330.781160814185569
  4515.578653288345777
 15523.608317135460311
  4629.726146230760605
 15745.243406977884661
  4747.325649239327504
 15930.419092818387071
  4865.106284413815956
 16144.941133001042544
  4986.369715816344979
 16321.808932467298291
  5107.663245085595918
     1.365595713946351
     0.239937818807967
