  20	 13354.813136823539025	 48606.865827057386923	  3143.649245974768746	   812.136711452367308	  7942.539040237121299	 27527.654421802802972	 45153.589483304407622	  1014.952240496778472	  1530.906834719136214
  21	 13523.495896616570462	 53509.406848589387664	  1266.784234830346350	   857.992577495427440	  8156.323369435745917	 27610.597282350176101	 48606.934404178318800	   781.763979182068852	  1530.906850080737286
  22	 13668.121890285241534	 58402.231147262347804	  1279.334133333296222	   859.895169610269477	  8184.300674928336775	 27552.099743266775477	 53509.578753333422355	   852.983322091786704	  1530.906865442405660
  23	 13820.710996123767472	 63237.395376818087243	  1323.745858477509046	   864.484282717864517	  8213.956523608447242	 27524.120631038738793	 58402.550104332731280	   892.704789438898842	  1530.906880804092907
  24	 13976.630659746708261	 68002.318113462664769	  1367.478040169201449	   871.693814979148556	  8244.352858128351727	 27507.407193578401348	 63237.911351620205096	   917.786352297878011	  1530.906896165942726
  25	 14137.290112180804499	 72688.161649715912063	  1410.441285107184513	   887.522060403723799	  8276.365994807621973	 27502.796236344154750	 68003.087042759434553	   931.546750928574397	  1530.906911527843704
  26	 14300.382220463914564	 77293.618504325204412	  1448.951588027439129	   895.675053124352871	  8309.009197767811202	 27504.027817905291158	 72689.247008679943974	   939.289554463178433	  1530.906926890004343
  27	 14464.437731789303143	 81804.767730808438500	  1496.607621815757739	   904.629349751691052	  8340.171666138987348	 27506.982863933895715	 77295.087475285472465	   944.250116360242373	  1530.906942252353929
  28	 14631.124287739137799	 86215.012467323773308	  1545.331204492394590	   917.516731012908963	  8370.946461622077550	 27512.603971942564385	 81806.693123142147670	   947.056989224645008	  1530.906957614960220
  29	 14798.226733131608853	 90520.516020985262003	  1592.412848770499750	   926.283181174907554	  8398.403868708765003	 27507.074338252772577	 86217.473910728585906	   956.454444099160924	  1530.906972977887790
  30	 14951.910034265853028	 94713.618937662904500	  1642.494013897392733	   934.477315832479690	  8382.878704250517330	 27333.734214621988940	 90523.597710140835261	  1070.645779938697387	  1530.906988341252600
  31	 15223.479513194126412	 99895.465434631085373	  1662.714411969206139	   975.858932435609177	  9120.562768780950137	 29403.356409273244935	 94717.409667314306716	   944.719266600273272	  1530.906983624654686
  32	 15458.292203340341075	105624.234668988341582	  1733.221431365327817	  1006.598022511359204	  9580.728798631898826	 30650.354274062170589	 99900.130045769867138	   881.391587846568655	  1530.906979468294367
  33	 15678.350486411796737	111653.088785527696018	  1789.828669701400941	  1032.506266038112699	  9881.520553828851916	 31418.665029656516708	105629.941708165482851	   832.825717620840692	  1530.906975376454966
  34	 15889.798741446273198	117831.670638350246008	  1841.219057027994722	  1058.075536445238413	 10088.097727407026468	 31907.216395829280373	111660.007208011942566	   789.988234270622229	  1530.906971250649804
  35	 16093.972832578589077	124072.777156168463989	  1890.362667237960522	  1079.613239135152526	 10236.507631085283720	 32222.137252538675966	117839.964025609471719	   754.123567380019722	  1530.906967088207466
  36	 16293.579635022962975	130317.220423520542681	  1942.199943431936845	  1103.653944100959279	 10348.281186899695967	 32430.573737808925216	124082.613439214313985	   723.558905912842988	  1530.906962905346973
  37	 16489.624590658851957	136519.719104442541720	  1992.532152033421653	  1146.511765200776608	 10437.400440009254453	 32573.248321245773695	130328.785115952254273	   696.255489626215422	  1530.906958716794179
  38	 16684.558283703179768	142686.836257911840221	  2024.319267796279519	  1170.647690826605640	 10513.959659945518069	 32679.148904456560558	136533.184317082166672	   658.454156988947489	  1530.906954532503960
  39	 16874.902140557584062	148787.474537157395389	  2075.571749681594611	  1190.592096063271356	 10573.030062132980675	 32729.037705397189711	142702.402902536268812	   649.746976217593215	  1530.906950357615187
  40	 17065.794830773469585	154806.767057700722944	  2128.532404736071385	  1213.950780358503152	 10630.435061982589104	 32783.859231677051866	148805.341165406396613	   626.795265304581562	  1530.906946194053489
  41	 17269.173834067179996	161064.362681394617539	  2184.157990844794767	  1225.972409135643375	 10852.719583882726511	 33348.679019420960685	154827.141812811692944	   595.834646016427769	  1530.906937325563149
  42	 17471.934748086972832	167474.242884367762599	  2239.355737593984486	  1240.846693930127003	 11035.660079059616692	 33771.729292102230829	161087.410220859543188	   574.257927902076176	  1530.906928990349570
  43	 17674.359806304048107	173974.889335700951051	  2287.939807135215233	  1254.076452124392290	 11183.849373882942018	 34084.332624615599343	167500.146073361684103	   551.905065221244172	  1530.906920930337947
  44	 17876.116440268200677	180516.945306268578861	  2340.262318820057772	  1267.209612438931799	 11305.013607793198389	 34314.666289754313766	174003.850084973877529	   532.100447016011344	  1530.906913007863750
  45	 18079.035517832355254	187066.138412488595350	  2394.198290956785058	  1278.907334701725176	 11407.464507829081413	 34489.643451695861586	180549.178560857370030	   514.106471611380925	  1530.906905154115520
  46	 18282.198597184025857	193591.708458575012628	  2451.957716046444148	  1289.750469700731401	 11495.880896713473703	 34624.458244766166899	187101.867447705648374	   496.792407078287454	  1530.906897334906262
  47	 18484.357130818905716	200075.983155283960514	  2511.710019853294853	  1302.312316114597706	 11570.138886057256968	 34712.335846152163867	193631.161933864292223	   494.384583764147862	  1530.906889533674985
  48	 18692.198287168685056	206501.489639564009849	  2560.034203225495730	  1316.013392357563589	 11643.924878702515343	 34806.424413511849707	200119.398822815594031	   465.459899275926603	  1530.906881743254417
  49	 18900.088187147630379	212853.709757457749220	  2624.513979081330035	  1329.697162818323250	 11708.012916209016112	 34868.411036176556081	206549.101963423221605	   461.887596322398451	  1530.906873961865813
  50	 19112.670334188111156	219118.084524719946785	  2686.765372618593119	  1343.447398825983100	 11771.023605343931195	 34932.789856317875092	212905.781849332823185	   447.798715004273618	  1530.906866190580104
  51	 19311.203253067698824	225315.374061507056467	  2754.157247010918127	  1338.182786387585111	 11848.937109276184856	 34990.855739970262221	219174.880134904786246	   455.342506689728509	  1530.906880958889360
  52	 19521.453713411046920	231439.774387478741119	  2813.815431063150754	  1347.585969048250945	 11922.693902462617189	 35061.881798729074944	225383.085118884773692	   447.741568836926035	  1530.906895804241458
  53	 19737.592280842924083	237461.775174622307532	  2880.517713763331813	  1362.676392763794865	 11987.586849249391889	 35121.081929756946920	231511.238263018894941	   441.412814862302866	  1530.906910620458575
  54	 19956.567980732554133	243375.719417528103804	  2948.510106423232173	  1380.458798221646703	 12046.168725014147640	 35170.139079505817790	237545.802879594295518	   433.934470815538873	  1530.906925410105941
  55	 20179.539406438238075	249157.033357799227815	  3019.245037473898265	  1399.638857937079820	 12099.705167110128968	 35210.768774263240630	243464.465034358145203	   426.334829315536695	  1530.906940175259024
  56	 20404.164168463106762	254806.254460977041163	  3090.589923140350948	  1419.788139225492387	 12149.227339905146437	 35242.654017827371717	249260.171412558644079	   421.091809207251288	  1530.906954933097495
  57	 20630.515627787168341	260301.207375787518686	  3163.611596517879207	  1441.292520159600826	 12194.766188088826311	 35267.364131679598358	254915.237618891929742	   415.897125281585829	  1530.906969681490182
  58	 20857.958345491337241	265650.943571973242797	  3235.668490043413385	  1457.614021569242141	 12238.950605886853737	 35292.489979491634585	260426.582676888676360	   409.186348499436804	  1530.906984432065883
  59	 21085.540627492217027	270829.939186983567197	  3315.299157394048962	  1477.531397129196876	 12280.336400367112219	 35315.970287440817629	265783.460046959982719	   402.782488507708706	  1530.906999178754631
  60	 21311.301417470382148	275847.937754203856457	  3383.785233252709531	  1500.360819334042390	 12322.717256513085886	 35346.357623628689907	270981.045066060323734	   384.099302510569260	  1530.907013931039955
  61	 21530.701968730641966	280695.824313097225968	  3460.654622757524066	  1521.586905101101365	 12361.129810480757442	 35366.030074598835199	276007.626669529476203	   379.868887923495492	  1530.907028681342126
  62	 21736.291925288118364	285400.039114403713029	  3534.944513437472779	  1545.359632248643948	 12398.234503393463456	 35385.639194646217220	280876.426565015746746	   375.129380967816132	  1530.907043438488699
  63	 21920.387649192427489	289974.496005747234449	  3602.802472518692866	  1565.938349071248922	 12436.098755555789467	 35410.464260044493130	285590.812377524329349	   360.198889421275680	  1530.907058194536603
  64	 22063.306518743735069	294026.610060549748596	  3689.507155452899951	  1326.000206351458701	 12801.408914463960173	 35472.104779368455638	290188.641452542156912	   400.415937426126959	  1530.907072958136951
  65	 19051.897237118355406	291380.006060052779503	  6123.385945204896416	  1326.000206480026009	   951.395531405350198	 15595.527722515807909	294252.301984289137181	   254.072633232731846	  1530.907073106529879
  66	 19067.137901670554129	288598.471742091642227	  6253.094825003020560	  1326.000206622136375	   932.465680994457330	 15602.106539510874427	291637.854537041275762	   314.670715364424268	  1530.907073270591582
  67	 19090.715010993368196	285638.230964989226777	  6384.508269829118035	  1326.000206770981549	   912.627801656571137	 15608.988129038925763	288873.483626527769957	   363.313713964350995	  1530.907073442441060
  68	 19115.681146661656385	282499.393581608659588	  6516.127130077877155	  1326.000206934929111	   892.025061361782036	 15616.560880373244800	285944.094446510891430	   405.451396696611255	  1530.907073631723961
  69	 19142.718759401916031	279153.359314868866932	  6649.447614626794348	  1326.000207106947300	   870.489049259070612	 15624.501336876495770	282821.576081178500317	   444.216390767711971	  1530.907073830319177
  70	 19176.153306081199844	275599.546982003550511	  6782.910111438711283	  1326.000207295825248	   848.219575954017046	 15633.216097718994206	279507.372361547313631	   481.122820926348879	  1530.907074048387358
  71	 19209.938134349285974	271813.033965840586461	  6918.071429120240282	  1326.000207494338383	   825.025058879941071	 15642.372926925550928	275970.732795675925445	   517.428680876912836	  1530.907074277575248
  72	 19246.742214152087399	267799.473262693441939	  7053.312835737522619	  1326.000207711737403	   801.029165825371479	 15652.398767054812197	272217.993124731874559	   553.585123485563713	  1530.907074528572139
  73	 19286.553134797108214	263530.963422307162546	  7190.248960650598747	  1326.000207940634255	   776.159757148693643	 15662.953491136006051	268223.458474562328774	   590.280687872075418	  1530.907074792842195
  74	 19320.760507939605304	259024.594011070788838	  7327.203539103197727	  1326.000208190775993	   750.594556884847407	 15674.486378796415011	263991.312831628834829	   627.629413023172674	  1530.907075081637004
  75	 19354.503228999055864	254256.831179981119931	  7465.846186684472741	  1326.000208454610856	   724.152992926470802	 15686.650341837277665	259506.306712537654676	   666.165009756157474	  1530.907075386244969
  76	 19385.469862176461902	249242.295278894773219	  7604.445073967683129	  1326.000208742437962	   697.008204026170574	 15699.919005380650560	254777.847909400821663	   705.825337964557434	  1530.907075718541364
  77	 19412.500095241102827	243961.425684145564446	  7744.722055193059532	  1326.000209046573218	   669.062131658653470	 15713.939268779726262	249787.180314484285191	   747.094374570170771	  1530.907076069673167
  78	 19436.261288611422060	238430.518774400727125	  7884.892279873446569	  1326.000209377855072	   640.514564994419288	 15729.211158891421292	244548.542563200375298	   790.202663643444794	  1530.907076452160481
  79	 19461.585001850875415	232624.058277770265704	  8026.727388400547170	  1326.000209728539403	   611.251928940990524	 15745.376453785032936	239044.078932146920124	   836.211070261097575	  1530.907076857031143
  80	 19482.127883217417548	226560.171958757069660	  8168.392900404854117	  1326.000210110053786	   581.433239035331781	 15762.963612908455616	233282.490640043630265	   884.128774279042091	  1530.907077297509204
  81	 19505.061952528260008	220211.104023836523993	  8311.708384796578684	  1326.000210514554738	   551.024432467805241	 15781.609963716315178	227247.218989778164541	   934.462123747184592	  1530.907077764514725
  82	 19521.462647905307676	213596.870686181850033	  8454.794338860567223	  1326.000210954162412	   520.211689011588760	 15801.874202847206107	220944.958937272225739	   986.946632323089602	  1530.907078272054378
  83	 19535.321788264292991	206695.071607243065955	  8599.517412343953765	  1326.000211420904179	   488.918666177943578	 15823.389358084883497	214360.500945053499890	  1042.106821631798084	  1530.907078810925668
  84	 19545.365006131611153	199522.275185920414515	  8743.959380087124373	  1326.000211927588225	   457.332786704596970	 15846.745560417130037	207506.292156218201853	  1099.664947325380126	  1530.907079395896289
  85	 19550.730655423838471	192057.651292704249499	  8890.034674960354096	  1326.000212466130961	   425.735246274250017	 15871.570660614717781	200363.173755123541923	  1160.215507017884875	  1530.907080017663930
  86	 19546.175200871934067	184324.097745650273282	  9035.794910782531588	  1326.000213050026105	   394.111402473414955	 15898.486169993802832	192944.756474786088802	  1223.414910067687288	  1530.907080691788906
  87	 19532.353310306214553	176306.192432350682793	  9183.205193193391096	  1326.000213671043866	   362.427009896521042	 15927.112042909102456	185238.479115655936766	  1290.027389881811132	  1530.907081408771774
  88	 19510.469311346951145	168023.811770517466357	  9330.298392017079095	  1326.000214343252310	   330.872841352866828	 15958.098854959507662	177262.779277269641170	  1359.820552998738094	  1530.907082184859291
  89	 19483.380104762283736	159455.937705596094020	  9479.095992891585411	  1326.000215058155845	   299.655447938811733	 15991.052879614755511	169002.410587640508311	  1433.796768922382398	  1530.907083010231418
  90	 19452.205506214693742	150616.341988465923350	  9627.626844506068664	  1326.000215830337538	   268.865559263366777	 16026.647702886468323	160469.281664199341321	  1512.177277815564821	  1530.907083901737224
  91	 19414.429765024713561	141484.665285310737090	  9777.977720996428616	  1326.000216650743596	   238.549020026629393	 16064.465373581775566	151642.645242902450264	  1595.611170413664240	  1530.907084848923205
  92	 19364.247177303877834	132081.390444986900548	  9928.191457015107517	  1326.000217534230842	   208.929006304597294	 16105.190742956756367	142533.082236674992600	  1683.959555878741867	  1530.907085868942659
  93	 19331.046770099044807	122355.920873490991653	 10080.431924197944682	  1326.000218470820300	   180.122828114036452	 16148.364266193231742	133128.243366205919301	  1778.650427499715079	  1530.907086950258645
  94	 19331.334409438048169	112266.797490020078840	 10232.776209058451059	  1326.000219475204858	   152.273993334016893	 16194.662431405915413	123405.444544873869745	  1879.826589619149445	  1530.907088109849610
  95	 19383.988657364239771	101712.065852899206220	 10387.478340519308404	  1326.000220535942162	   125.425955437937390	 16243.557956281727456	113289.930760781062418	  1989.512088498463527	  1530.907089334506963
  96	 19586.847469491694937	 90494.265840166786802	 10542.669448543436374	  1326.000221666899051	    99.822667638223962	 16295.689794504078236	102705.354233781239600	  2108.697877813824562	  1530.907090640228034
  97	 20052.823530602472601	 78235.098466820360045	 10700.704230806481064	  1326.000222854370350	    75.128187903988888	 16350.427373075945070	 91421.400738092619576	  2241.266629201293199	  1530.907092011201939
  98	 20987.570346819669794	 64308.450275199567841	 10859.782069285691250	  1326.000224110517820	    50.950631746094750	 16408.333887734726886	 79074.865054355759639	  2391.081475873962518	  1530.907093461458999
  99	 23774.258285346357297	 46319.457805927151639	 11022.359716770819432	  1326.000225418694299	    27.919838503509325	 16468.633336157501617	 65005.056875197682530	  2569.307087640013378	  1530.907094971791594
 100	 46787.329096293688053	     0.000000000000970	 11186.705769157146278	     0.000000000000000	     8.122925461553571	 16531.770999130450946	 46802.175627731252462	  2471.099065429355505	  1530.907096553151632
