135364.654232422704808
  1996.694322335031984
  1522.870731533137359
  4998.310639333078143
  5635.729198717694089
  1551.683201778294006
  5914.741289347283782
  1596.071788152034060
  6193.305095022185014
  1642.134035888618655
  6471.306437109352373
  1689.883257511614147
  6748.648274349763597
  1739.333110408361563
  7025.235600187108503
  1790.496914984547857
  7301.005282273768898
  1843.389101423530974
  7575.883283035661407
  1898.023199348295520
  7849.813164980639158
  1954.413201776232427
  8122.740869342444967
  2012.572849020701142
  8394.603638064509141
  2072.515154594699197
  8665.345772874385148
  2134.253123579136172
  8934.885216602200671
  2197.798360898816554
  9203.207071533533963
  2263.165098191246216
  9470.274403472903941
  2330.366340402445076
  9736.078519690572648
  2399.415857822792987
 10000.550576995803567
  2470.324663922760465
 10263.669740346060280
  2543.105661067948404
 10525.427290966246801
  2617.772066335542604
 10785.707470373074102
  2694.332024675557022
 11044.560268247138083
  2772.800727604072108
 11301.921334391272467
  2853.187568669082339
 11557.731672170379170
  2935.502417566533495
 11811.986609231948023
  3019.757297244666006
 12064.703725629067776
  3105.965473192954050
 12315.882081331417794
  3194.139103531811543
 12565.415795852084557
  3284.283441925324496
 12813.342988376720314
  3376.412697258818298
 13059.608179013770496
  3470.534797601756054
 13304.279587779903522
  3566.662600645813200
 13547.322925457430756
  3664.806626340433468
 13766.250355527445208
  3763.815305753545545
 14011.113093371954164
  3866.062579403411291
 14224.140771864796989
  3968.906704668343082
 14463.881878254847834
  4075.055768105293737
 14670.598912573736015
  4181.715943543951653
 14904.793543656722250
  4291.737773305587325
 15104.932006228569662
  4402.177378049706931
 15333.146279600867274
  4516.026974119326042
 15526.191558785896632
  4630.197368427331639
 15748.060776381735195
  4747.821062110178900
 15933.426002326274102
  4865.615597900166904
 16147.889305894086647
  4986.890834467499189
 16324.324063601872695
  5108.176578749525106
     1.364759451610131
     0.235668680459957
