136799.004796325316420
  2001.080218425471003
  1542.287977840069516
  4754.447767197814755
  5358.635939079601485
  1476.497295836085186
  5623.853903353910027
  1518.691377444664795
  5888.640411631410643
  1562.476123138760158
  6152.893771848180222
  1607.864518504194393
  6416.520413173972884
  1654.869480997931532
  6679.442012674171565
  1703.504245003668984
  6941.582868957160827
  1753.781770411099615
  7202.865896584863549
  1805.714604553689014
  7463.236592836110503
  1859.316022993996285
  7722.636826076670332
  1914.598793118806043
  7981.054291564293635
  1971.577489602245350
  8238.400679360978756
  2030.262823395563146
  8494.642525827379359
  2090.667768532431637
  8749.693565185467378
  2152.802639251878645
  9003.563044843418538
  2216.681739711379123
  9256.191792173007343
  2282.316078568820558
  9507.565863265590451
  2349.718331119644063
  9757.644028232036362
  2418.899646517248584
 10006.398630710784346
  2489.871723108918104
 10253.852371844373920
  2562.648289692024264
 10499.888566301891842
  2637.236432432759102
 10744.470444464857792
  2713.646558688542882
 10987.632285686739124
  2791.891931093024141
 11229.396053280233900
  2871.985162060413586
 11469.681431348939441
  2953.934145115211777
 11708.405362677191079
  3037.745988702373324
 11945.612031143429704
  3123.434296869358604
 12181.279806071215717
  3211.008616286912456
 12415.425417872349499
  3300.481173041044713
 12647.942662810110050
  3391.855278331289355
 12878.988991457816155
  3485.148402500051361
 13087.067817357059539
  3579.260654345957391
 13319.829141989370328
  3676.453007024152612
 13522.250113190106276
  3774.210741842573498
 13750.121842580347220
  3875.110628004829778
 13946.597164624194193
  3976.496106338436675
 14169.197284666102860
  4081.077208627039909
 14359.369489355705809
  4186.053393957419757
 14576.319087708103325
  4294.277550421275009
 14759.728364228858482
  4402.789339755807305
 14970.423269777695168
  4514.584468415488118
 15146.629572131640089
  4626.559905251986493
 15350.462154482809638
  4741.839703986096538
 15518.230380398659690
  4857.117343654054821
     1.305893045121365
     0.216814596207930
