  20	 13590.097125762385986	 48881.293237554469670	  2986.466783676033174	   738.574861094851940	  8032.473780723828895	 27735.378085819724220	 45153.589483304407622	   970.327842830566851	  1542.287977840068606
  21	 13767.845570909496018	 53966.133291770245705	  1226.123961255525273	   745.651161930735839	  8249.019076256588960	 27854.167057003687660	 48881.360778230911819	   741.728204684794377	  1542.287993315891754
  22	 13921.014050048368517	 59009.407847304682946	  1277.956594428962035	   745.636473945339276	  8273.981369153769265	 27791.871535972342826	 53966.303843613372010	   825.751647910874226	  1542.288008791723314
  23	 14080.870787535628551	 63993.066597183802514	  1319.552357425248601	   746.691567546898909	  8300.088619429045139	 27746.989074224951764	 59009.724883633905847	   876.015678951576774	  1542.288024267659239
  24	 14246.243874144205620	 68905.920227258029627	  1361.243828576795522	   747.920766696231567	  8331.865327208626695	 27733.547137328110693	 63993.579987787888967	   898.591687806864797	  1542.288039743639956
  25	 14415.437764097010586	 73736.394893883727491	  1408.388656379938993	   748.377535723523124	  8361.106631067448689	 27718.347238737918815	 68906.686612268051249	   920.869252748909616	  1542.288055219818716
  26	 14587.388895775102355	 78473.025492285101791	  1454.251644890740408	   752.590853000561765	  8392.300007142212053	 27716.258895719318389	 73737.478468603309011	   929.521521843829646	  1542.288070696162094
  27	 14761.081316789637640	 83110.279419813974528	  1499.929110660712013	   758.406526443935718	  8424.102399275145217	 27719.893501345246477	 78474.495385079528205	   934.677725291631987	  1542.288086172723752
  28	 14935.655250716354203	 87642.321672870923067	  1547.364910547894169	   763.298632920775276	  8454.946571380622117	 27724.244586971370154	 83112.206417703258921	   938.062063795363770	  1542.288101649526652
  29	 15111.096036547241965	 92063.039788250578567	  1597.058187672237636	   767.951396433908030	  8485.003945561216824	 27729.991170640918426	 87644.787654420157196	   940.272709410807352	  1542.288117126680390
  30	 15288.631365679531882	 96364.497551322536310	  1649.137193830977139	   772.315457148662063	  8513.963513785265604	 27735.791507874419040	 92066.129639921084163	   942.326413315405148	  1542.288132604231805
  31	 15559.006352410540785	101664.432438914620434	  1703.186261752735390	   790.696013820521557	  9241.301129062443579	 29755.873933986527845	 96368.300945029288414	   879.760715860112214	  1542.288127852563093
  32	 15802.940647530447677	107518.454541286439053	  1779.455300482492930	   802.556626963778172	  9701.717998223166433	 30997.764592001152778	101669.111371676539420	   828.209312290400362	  1542.288123665332478
  33	 16030.189271065615685	113666.126590183775988	  1847.326818018600306	   819.827884615256494	 10002.491415807506201	 31765.060002248865203	107524.178680363067542	   785.938602981266968	  1542.288119543110724
  34	 16235.352692667269366	119965.023300408996874	  1901.708635835606628	   832.915481523939434	 10176.186817812136724	 32115.273288539261557	113673.067775827352307	   834.985163372153806	  1542.288115386557138
  35	 16453.465047779918677	126323.582435655218433	  1928.750929595006482	   847.154342612244818	 10331.141492732700499	 32451.493796005855984	119973.347724391700467	   771.176165791955441	  1542.288111193196528
  36	 16659.783291459920292	132683.247936578380177	  1984.163457803275151	   859.781503669915764	 10442.673996970723238	 32657.193698818300618	126333.461123137225513	   745.795254640171493	  1542.288106979238592
  37	 16863.158087057759985	139007.727013018418802	  2039.086956631816747	   871.028770105264471	 10531.114186089218492	 32796.725372331027756	132694.861438891879516	   721.515805196830911	  1542.288102759573803
  38	 17064.029423545340251	145271.393953067949042	  2096.184112012364949	   883.119753595458178	 10604.531652221128752	 32894.077221732732141	139021.264784867380513	   699.924270400237560	  1542.288098544167497
  39	 17263.318021092494746	151462.540250110760098	  2154.067477082129244	   891.412887245367870	 10668.147408388880649	 32964.193054330513405	145287.052440139785176	   681.305830923399299	  1542.288094338241990
  40	 17460.801450732717058	157563.415795366949169	  2217.859625037814112	   902.270374702688173	 10724.003116079515166	 33014.502072484261589	151480.529892696766183	   665.890888751389753	  1542.288090143724958
  41	 17671.623539531341521	163892.842780138045782	  2277.805723159975059	   912.611920301650684	 10947.596012235188027	 33581.385330860153772	157583.957300457521342	   635.646673494883771	  1542.288081209306483
  42	 17880.748809173517657	170370.265075488510774	  2329.883881665833997	   926.291131552063348	 11128.551607081277325	 33991.839464383003360	163916.123245510127163	   622.870097856934080	  1542.288072812154269
  43	 18087.945641944264935	176936.968244006420719	  2371.261620675014456	   935.120473433048915	 11267.611138680626027	 34263.640882760068052	170396.450347454170696	   624.252556281908028	  1542.288064692176931
  44	 18298.812484482194122	183533.969464392779628	  2411.353393747805058	   952.061801468836393	 11391.311519410988694	 34506.004815885615244	176966.251686582661932	   588.313919702085059	  1542.288056710779756
  45	 18510.474752467125654	190125.249059561814647	  2448.275115031194673	   971.045669775181409	 11496.761949417536016	 34692.644060451813857	183566.558648610516684	   552.264736484752575	  1542.288048798698128
  46	 18723.393152289681893	196686.968146399594843	  2486.469201937072285	   986.571580510871854	 11587.624565120881016	 34834.598081488300522	190161.358802704489790	   521.818484015250988	  1542.288040921350557
  47	 18937.426462029146933	203197.220989448775072	  2530.136035940935017	  1000.193500984976254	 11667.454344188176037	 34945.952965440264961	196726.835406986501766	   494.873205943818164	  1542.288033062106024
  48	 19155.330396386529173	209642.983804958406836	  2574.046736122464154	  1006.615490579411130	 11740.358965728846670	 35033.652798682873254	203241.091360782535048	   471.154409462658919	  1542.288025213798392
  49	 19375.301653228711075	215996.368330425611930	  2633.733721720090671	  1017.140716948024988	 11805.004563716509438	 35099.978502881189343	209691.102412724285387	   457.336254584869721	  1542.288017374532501
  50	 19600.409657659205550	222245.334630514262244	  2690.231608156248967	  1029.230034082708698	 11867.490658421000262	 35159.406134460201429	216049.005224433552939	   444.190607057306408	  1542.288009545466139
  51	 19804.984996759350906	228410.199783551535802	  2760.295965405292918	  1032.327276008117906	 11937.667879310520220	 35187.932776257774094	222302.754044515284477	   473.371524266254312	  1542.288024423567094
  52	 20028.510136164051801	234492.949839898938080	  2786.272325571553665	  1040.217809668517020	 12014.484793359879404	 35270.446087966156483	228478.650550106074661	   437.764790346454163	  1542.288039379232259
  53	 20255.463244012091309	240455.977242829976603	  2847.441805373070565	  1050.356869463500743	 12077.311320123699261	 35322.611883323341317	234565.152372030541301	   433.311923949757215	  1542.288054305703781
  54	 20486.061434240571543	246293.893406350398436	  2907.736542749652472	  1061.822169347010913	 12134.343045089395673	 35366.676764883020951	240540.849575059954077	   426.098383487592343	  1542.288069205261536
  55	 20720.145665350668423	251979.315751190122683	  2973.469238637122999	  1075.062230819664819	 12185.922138703910605	 35401.641705665279005	246383.486552907881560	   419.780400890110400	  1542.288084080179942
  56	 20955.602404335593747	257512.447196338296635	  3039.944196859299154	  1088.082980868173081	 12233.947083544710040	 35431.986375924570893	252083.408603239950025	   412.752146704387997	  1542.288098947752133
  57	 21193.044900600594701	262870.158247799146920	  3110.596606364288618	  1102.228785712652098	 12278.316621842759560	 35456.376612091895367	257622.388560965977376	   407.586015994656975	  1542.288113805726653
  58	 21430.823280714248540	268055.581309549277648	  3180.410152349427335	  1116.906442959120113	 12320.537934300464258	 35477.855903574833064	262996.623535736696795	   402.213283261392462	  1542.288128666004923
  59	 21668.322609533795912	273051.779515194124542	  3250.721760827900198	  1132.728547010216744	 12360.053262519886630	 35496.969436896579282	268189.222336039179936	   397.350155650654187	  1542.288143522383280
  60	 21902.295884943956480	277870.685244279855397	  3313.299339710154527	  1147.157215033224929	 12399.075544470280875	 35518.780930977831304	273204.125968693639152	   383.261428421739026	  1542.288158384276585
  61	 22130.994009129502956	282496.712584265391342	  3388.084617339254692	  1163.703808152398324	 12434.820194727239141	 35533.777713163246517	278031.681743463210296	   382.445933101776859	  1542.288173244234940
  62	 22342.927158029913699	286958.078272391110659	  3457.370953173237922	  1177.893592585159013	 12467.768286943197381	 35542.066228796720679	282678.857220329460688	   380.091395483230315	  1542.288188111125010
  63	 22529.896867730796657	291276.238204374909401	  3525.841369341401332	  1187.548798287572481	 12500.230833062674719	 35553.324276754581660	287150.610622400708962	   377.663159503283168	  1542.288202976887760
  64	 22701.433031754862895	295201.003293702204246	  3601.247429697649750	  1326.000206351469615	 12888.888837326856446	 35756.749726630449004	291492.437419300607871	   397.850977626385543	  1542.288217850226602
  65	 19566.838478529221902	292563.778021371341310	  5817.216647944677788	  1326.000206480024644	   944.130949413982421	 15661.187653515295096	295427.222081035084557	   223.816456744676373	  1542.288217999692961
  66	 19588.304013752269384	289780.690915360872168	  5940.440083752868304	  1326.000206622130236	   925.489003554046462	 15667.840484168831608	292819.842082464252599	   274.588222957547316	  1542.288218164984073
  67	 19613.690575810811424	286816.555214527586941	  6065.282856337654266	  1326.000206770979503	   905.811631919229171	 15674.790110477732014	290052.167631650809199	   315.961274629348623	  1542.288218338106844
  68	 19643.809186686066823	283669.106123503705021	  6190.320773573997030	  1326.000206934927292	   885.247584533804911	 15682.430733127201165	287117.284747875703033	   352.173632684955976	  1542.288218528796051
  69	 19677.967436464467028	280308.481267718190793	  6316.975233895470410	  1326.000207106946164	   863.845100781273345	 15690.437345369949981	283984.972353951772675	   385.723341527072876	  1542.288218728870561
  70	 19710.738052223263367	276743.592525126412511	  6443.764605866826059	  1326.000207295823429	   841.823690774337365	 15699.220974666375696	280654.774565941188484	   417.718938698676254	  1542.288218948559916
  71	 19748.078750901095191	272945.408929472265299	  6572.167857664201620	  1326.000207494335427	   818.804703361337261	 15708.447472021434805	277106.113795326324180	   449.199337733685297	  1542.288219179451971
  72	 19789.152309567169141	268918.545807960035745	  6700.647193950650035	  1326.000207711734902	   794.999417515983055	 15718.547581786580849	273340.391469923430122	   480.547377276744783	  1542.288219432316737
  73	 19828.856588805676438	264640.897226656670682	  6830.736512618102097	  1326.000207940633800	   770.347274115041955	 15729.179036536184867	269331.523935797333252	   512.372719306446811	  1542.288219698546754
  74	 19866.593422184883821	260124.986954312538728	  6960.843362148009874	  1326.000208190778039	   744.883900816009259	 15740.794678370673864	265088.850387339480221	   544.755525339875135	  1542.288219989493427
  75	 19904.634227199065208	255346.682472748594591	  7092.553877350283074	  1326.000208454620633	   718.666769878569198	 15753.045131674800359	260593.283964322501561	   578.156839290645621	  1542.288220296364216
  76	 19936.163450938700407	250324.355716556718107	  7224.222820269309523	  1326.000208742432505	   691.812250725889726	 15766.407548791676163	255852.669001806236338	   612.496811704128504	  1542.288220631128752
  77	 19969.816169271653052	245031.505418753164122	  7357.485952433431521	  1326.000209046566397	   664.214218091739895	 15780.526443609567650	250853.058461530366912	   648.161530462587166	  1542.288220984876261
  78	 19997.082013004001055	239486.864931436051847	  7490.647665879757369	  1326.000209377855299	   635.966897777980307	 15795.905447037603153	245600.605527275474742	   685.028882204785418	  1542.288221370190968
  79	 20023.266046455733886	233667.474528865888715	  7625.391018980515582	  1326.000209728535310	   607.049414438930285	 15812.183883994583084	240080.963687893294264	   723.527391264336870	  1542.288221778082061
  80	 20048.139272619115218	227586.230399978550849	  7759.973255384624281	  1326.000210110059243	   577.620260916849247	 15829.893959676177474	234304.406715277000330	   763.480755077201593	  1542.288222221835895
  81	 20070.943505378923874	221220.904367823008215	  7896.122965556734925	  1326.000210514553601	   547.586588994343742	 15848.670499146570364	228250.115026834129822	   805.376619555746061	  1542.288222692306135
  82	 20086.863659401955374	214591.029177097603679	  8032.054621917492113	  1326.000210954163322	   517.126657734359128	 15869.076125573241370	221929.346837276534643	   849.018279155064761	  1542.288223203622920
  83	 20103.589708612675167	207670.698835624760250	  8169.541541726732248	  1326.000211420901678	   486.214625294367636	 15890.741324009371965	215327.589445516583510	   895.056835539008148	  1542.288223746490075
  84	 20114.032018140555010	200479.575479046499822	  8306.761411082723498	  1326.000211927582541	   455.023993532489158	 15914.260355047334087	208452.431397312320769	   944.397919571886177	  1542.288224335819905
  85	 20116.919913342171640	193001.202275215357076	  8445.532941212361038	  1326.000212466130051	   423.562217392514071	 15939.258484746011163	201289.248226278956281	   996.438410710247467	  1542.288224962212098
  86	 20113.200420090812258	185253.939038687094580	  8584.005165243404917	  1326.000213050026559	   392.010032121193603	 15966.361564115173678	193854.877076756500173	  1050.895806069704122	  1542.288225641348163
  87	 20102.054941341131780	177220.209718330675969	  8724.044933533725271	  1326.000213671042047	   360.670437308242754	 15995.186904417305414	186133.320215017651208	  1108.376715316261652	  1542.288226363659533
  88	 20080.802727384769241	168921.198018685594434	  8863.783472416267614	  1326.000214343251855	   329.530837695560194	 16026.389618835755755	178139.568444303062279	  1168.686670197684407	  1542.288227145515975
  89	 20050.695043353647634	160340.793335165421013	  9005.141193246947296	  1326.000215058157437	   298.562945137064560	 16059.573240520636318	169860.998774496198166	  1232.645096768871781	  1542.288227977026736
  90	 20015.156488084343437	151493.194484815903706	  9146.245502280773508	  1326.000215830335492	   267.988552863314965	 16095.416050891974010	161313.133068139723036	  1300.157194775419839	  1542.288228875162531
  91	 19974.670764125785354	142356.420237743441248	  9289.078834946612915	  1326.000216650742686	   237.939137557878297	 16133.497188584011383	152476.924149212049088	  1372.160526370699927	  1542.288229829385727
  92	 19926.459425085682597	132944.133965377201093	  9431.781884164327494	  1326.000217534231297	   208.636321233398945	 16174.506277396827500	143360.134869241563138	  1448.542485688463557	  1542.288230856986274
  93	 19892.167824970412767	123210.020425571055966	  9576.410327988001882	  1326.000218470824848	   180.099712856296634	 16217.980571958176370	133944.756410331843654	  1530.580538007691302	  1542.288231946347878
  94	 19893.536763125699508	113110.379567169351503	  9721.137398605520502	  1326.000219475202812	   152.482570159004752	 16264.601273935813879	124211.370992795491475	  1618.855047437649091	  1542.288233114556988
  95	 19957.497550763644540	102533.441690468171146	  9868.104423493359718	  1326.000220535940343	   125.817636899158998	 16313.837428221291702	114084.828155513663660	  1715.174491953167944	  1542.288234348313836
  96	 20192.159381163619400	 91259.463511556896265	 10015.535976116274469	  1326.000221666899051	   100.246349401966384	 16366.332440173438954	103477.407053572329460	  1820.233985142175243	  1542.288235663748310
  97	 20708.450004671205534	 78893.153827216010541	 10165.669019266188116	  1326.000222854377398	    75.584272990639434	 16421.451344234574208	 92137.873351961301523	  1937.512371563928355	  1542.288237044912648
  98	 21760.650470394830336	 64735.828473938134266	 10316.792965821381586	  1326.000224110523277	    51.479348721985126	 16479.761259840764978	 79685.182500877694110	  2071.122457529068015	  1542.288238505949948
  99	 24767.939625837367203	 46303.076036564772949	 10471.241730932306382	  1326.000225418698619	    28.432148603896877	 16540.480778876175464	 65383.691270037445065	  2231.689153480785990	  1542.288240027510028
 100	 47834.357662945949414	     0.000000000004402	 10627.370480699322798	     0.000000000000000	     9.580474490311991	 16604.058284265141992	 46730.145877076138277	  2130.214491625827122	  1542.288241620627787
