137934.978456028184155
  2005.020359664034004
  1557.452297966006881
  4509.531022458592815
  5080.471755077091984
  1401.020837562226234
  5331.841548009952021
  1441.011896630385309
  5582.803731776704808
  1482.510630526929617
  5833.258973512014563
  1525.529208186913820
  6083.122890546097551
  1570.080106398419275
  6332.313569107481271
  1616.175452932249073
  6580.763916392202191
  1663.827781745685343
  6828.405767751814892
  1713.049210063773216
  7075.184604019492326
  1763.852184981859864
  7321.040698509425056
  1816.248597566092030
  7565.973923702755201
  1870.252785740033687
  7809.884311577868175
  1925.874144176437994
  8052.705735664207168
  1983.123441697546468
  8294.438648805067714
  2042.014151573222762
  8535.025257753968617
  2102.556825104799373
  8774.454474621952613
  2164.763870948990188
  9012.722663057629688
  2228.647823860018889
  9249.729425573881599
  2294.216510394828219
  9485.503552873578883
  2361.483437771539229
  9720.000275309967037
  2430.458415509980114
  9953.194446666191652
  2501.152498808066412
 10185.022713112324709
  2573.573463808191264
 10415.532290447687046
  2647.735491221658776
 10644.637665489632127
  2723.645337415427548
 10872.331281976901664
  2801.313546098779170
 11098.634864689169262
  2880.751587236509749
 11323.490344853944407
  2961.967682873318608
 11546.877266626068376
  3044.971417511815616
 11768.748303304693763
  3129.769616149672402
 11989.146350027109293
  3216.374444878432769
 12208.087107734056190
  3304.796575709168337
 12405.281568073707604
  3393.994262517363950
 12625.899152473863069
  3486.113695807548083
 12817.724100260864361
  3578.766929636066379
 13033.698498656322045
  3674.397656196778371
 13219.832084656391089
  3770.486331905455700
 13430.848884848597663
  3869.607806489070754
 13611.049782960764787
  3969.101608384290103
 13816.606464126905848
  4071.671424832462890
 13990.401587050602757
  4174.515207810046377
 14190.061558842753584
  4280.470718973620023
 14356.894002447486855
  4386.587762438163736
 14550.118574137970427
  4495.838739028028613
 14709.125942608654441
  4605.097209563179604
     1.247897376015703
     0.198257930450847
