135156.973647086386336
  1950.659179887271648
   453.578702361704870
  4965.916433300348217
  5635.412856362915591
  1551.593594571626454
  5914.425298791174100
  1595.980832306224329
  6192.975682970791240
  1642.040697797375060
  6470.945393012661043
  1689.786187777137684
  6748.258539948538782
  1739.232428038593980
  7024.843603712790355
  1790.393972594217303
  7300.609098005792475
  1843.283446158811785
  7575.470976663709735
  1897.914038991056941
  7849.382422903625411
  1954.300509194312099
  8122.275778249846553
  2012.455697443788722
  8394.082466102643593
  2072.392112851592628
  8664.775348224657137
  2134.125413643890624
  8934.307078169369561
  2197.667458681424250
  9202.629259940667907
  2263.031396913522258
  9469.709043851004026
  2330.229988539363603
  9735.508245639595771
  2399.275162931881368
  9999.972761237333543
  2470.180447840912620
 10263.009153830069408
  2542.955172322854196
 10524.724468904592868
  2617.614397998806453
 10784.972071800453705
  2694.169068973800222
 11043.846869381639408
  2772.634629495467379
 11301.256121016747784
  2853.016644086309043
 11557.099094334735128
  2935.327191822068016
 11811.487641403296948
  3019.583764400926611
 12064.262207714711622
  3105.788628803134543
 12315.453747523944912
  3193.956083724882774
 12565.114584367449424
  3284.101771143705719
 12812.923021155156675
  3376.214049362549304
 13059.328166735815103
  3470.336296393866178
 13304.073971083626020
  3566.463287949624828
 13547.184224632570476
  3664.604995945919654
 13766.166033178387806
  3763.612788811375140
 14011.074766686464500
  3865.858028397529779
 14224.153112625413996
  3968.703673236454506
 14464.003320310193885
  4074.857371138990402
 14670.879505691525992
  4181.527288114043586
 14905.123128617384282
  4291.550263282533706
 15105.334906634356230
  4401.997890320178158
 15333.498423878982067
  4515.851444541723140
 15526.308929891050866
  4629.994394614486737
 15748.659332369674303
  4747.668643608514685
 15934.133517092932379
  4865.487760428712136
 16148.911870063901006
  4986.772961799992117
 16325.849662530948990
  5108.065116972313263
     1.373203663549225
     0.113506849066143
