135615.367189203068847
  1997.455503351752895
  1527.151147083392971
  4967.143572279039290
  5600.193633609178505
  1542.041068442819324
  5877.437006753550122
  1586.148238448247184
  6154.234323558214783
  1631.918427604485260
  6430.473311922111861
  1679.364923161871502
  6706.056381927515758
  1728.501239391528543
  6980.900930638117643
  1779.341169772612147
  7254.910999876082315
  1831.897484312100914
  7528.043149124279807
  1886.185050361742242
  7800.224149846867476
  1942.216971651596168
  8071.424813342306152
  2000.008046389284573
  8341.573416994793661
  2059.570744827055478
  8610.601866841410811
  2120.917413897445385
  8878.430445421656259
  2184.059681308796826
  9145.046220955971876
  2249.011766802045258
  9410.424428460250056
  2315.787110637254500
  9674.534297285214052
  2384.398473683331758
  9937.303911220247755
  2454.856587156213664
 10198.742282770359452
  2527.175583829257903
 10458.822986548004337
  2601.367824559339169
 10717.448298801895362
  2677.442099388460065
 10974.636890962578036
  2755.412236970660160
 11230.303868494731432
  2835.286604206837637
 11484.524922752420025
  2917.080995201487895
 11737.238283154754754
  3000.804971475353796
 11988.343151173941806
  3086.465790799433307
 12237.941000156055452
  3174.080771356233981
 12485.894972473419330
  3263.653688655545920
 12732.242053503094212
  3355.198262400994281
 12976.951276397625406
  3448.724105030411465
 13220.057550065659598
  3544.242110628474165
 13461.585608737957955
  3641.764948267611089
 13679.116093398750309
  3740.145769361677594
 13922.457990511587923
  3841.745744835318874
 14134.128933700523703
  3943.937818283659908
 14372.337939144512347
  4049.412852423947243
 14577.740929110343131
  4155.396806713433762
 14810.440883556437257
  4264.721236121670700
 15009.303276403603377
  4374.460283375479776
 15236.082935558499230
  4487.589631930342875
 15427.862741207047293
  4601.027836841558383
 15648.283083677861214
  4717.907375142609453
 15832.501382755403029
  4834.958138690825763
 16045.616219810057373
  4955.464279617786815
 16220.928356757563961
  5075.976540433198352
     1.356896410123792
     0.234220384104453
