   1	   1	     1.000000000000002	     0.000000000000000	     0.000000000000000	     0.000000000000000
   1	   2	     0.154877545258915	     0.217742410669946	     0.568923380926109	     0.058456672726089
   1	   3	     0.157630946354874	     0.211731045515819	     0.573929775733777	     0.056708251557648
   1	   4	     0.166683443040658	     0.212773482214344	     0.571829511868077	     0.048713591620096
   1	   5	     0.170697882540680	     0.213476396769922	     0.570788418178168	     0.045037340835466
   1	   6	     0.171441912869397	     0.213913810811070	     0.570433897513859	     0.044210426710966
   1	   7	     0.171150419896493	     0.214308594240269	     0.570443277997562	     0.044097765352032
   1	   8	     0.162738508822983	     0.214466399817473	     0.570772954651820	     0.052022203775138
   1	   9	     0.160486928401853	     0.214530415400926	     0.571396560664363	     0.053586172181333
   1	  10	     0.159543400185363	     0.214427784872480	     0.572251407635140	     0.053777493536552
   1	  11	     0.166844534576774	     0.214797507169106	     0.573349357470719	     0.045008696593996
   1	  12	     0.173245840163554	     0.214525229887211	     0.574688202818896	     0.037540823887700
   1	  13	     0.163118508873920	     0.202615814369591	     0.591133722355451	     0.043132053084904
   1	  14	     0.162753633204541	     0.183694459048527	     0.605745950803639	     0.047806057876431
   1	  15	     0.155530852749239	     0.173428958196644	     0.618340541910929	     0.052699750446487
   1	  16	     0.149841940849243	     0.165753175080846	     0.628986821275994	     0.055418168523376
   1	  17	     0.146428655695286	     0.160264568179896	     0.637718464451568	     0.055588419863375
   1	  18	     0.140802024863878	     0.156141957557641	     0.645348462378737	     0.057707665877391
   1	  19	     0.136674994030868	     0.152783019298345	     0.652051365943721	     0.058490733915795
   1	  20	     0.134838964115361	     0.149941606874888	     0.658008536444112	     0.057211008286883
   1	  21	     0.129651074262731	     0.147383407195275	     0.664063125630018	     0.058902511185309
   1	  22	     0.122425520585709	     0.149365245959086	     0.669113512669387	     0.059095825760789
   1	  23	     0.116918911047662	     0.141259549165072	     0.684395692390097	     0.057425939196045
   1	  24	     0.110254499687366	     0.136054675601437	     0.697095132447270	     0.056595770965630
   1	  25	     0.102980322483549	     0.131406554162893	     0.708463517445056	     0.057149671546882
   1	  26	     0.095438267653059	     0.126447295027484	     0.719410075094362	     0.058704414804795
   1	  27	     0.092451180881789	     0.122742602513659	     0.729098843097894	     0.055707413015615
   1	  28	     0.087295135498665	     0.119108212861190	     0.737611818785881	     0.055984859271662
   1	  29	     0.082644515510789	     0.115885410443224	     0.745345419431416	     0.056124667915635
   1	  30	     0.076886413293039	     0.114430991363135	     0.752403157965413	     0.056279437537239
   1	  31	     0.073546084371492	     0.110925374192178	     0.759044370489346	     0.056484157938169
   1	  32	     0.070102159350309	     0.108306568113423	     0.764779751306935	     0.056811518382570
   1	  33	     0.064804848269700	     0.113450886725745	     0.767024795935852	     0.054719476359412
   1	  34	     0.062018902456707	     0.113995277391585	     0.770161706880808	     0.053824130679359
   1	  35	     0.059449033125486	     0.113050060349547	     0.773518793936194	     0.053982140102142
   1	  36	     0.057094367951518	     0.111494263197380	     0.776838508418314	     0.054572898043479
   1	  37	     0.055346480478712	     0.109723608599978	     0.780053375947525	     0.054876582677626
   1	  38	     0.053471952327265	     0.107917816406245	     0.783145833480814	     0.055464455580575
   1	  39	     0.049356929674575	     0.106494605776609	     0.788001090668119	     0.056147441765761
   1	  40	     0.046339703428693	     0.104442912147772	     0.792103792466511	     0.057113669932053
   1	  41	     0.044687163172134	     0.103308610172555	     0.794542117389404	     0.057462197331088
   1	  42	     0.041330332079445	     0.103487158615150	     0.798555759325280	     0.056626848135832
   1	  43	     0.039500118423895	     0.102489094040890	     0.801229177979626	     0.056781717802287
   1	  44	     0.037653392613075	     0.101326447367266	     0.803318357211947	     0.057701921145925
   1	  45	     0.037631471401144	     0.100030126220062	     0.803901365275323	     0.058437165533706
   2	   1	     0.999999999999999	     0.000000000000000	     0.000000000000000	     0.000000000000000
   2	   2	     0.068122249895495	     0.053727385776685	     0.859705985176696	     0.018444390335046
   2	   3	     0.068955014204652	     0.046021628674015	     0.866281088307825	     0.018742291181353
   2	   4	     0.068175164536550	     0.046037348195143	     0.867730343737304	     0.018057177082767
   2	   5	     0.066308954343205	     0.045874120028801	     0.870388783384512	     0.017428186979168
   2	   6	     0.064253183174053	     0.045500185145715	     0.873203096550162	     0.017043591049673
   2	   7	     0.061862829662832	     0.045115050596629	     0.875853773126681	     0.017168413717390
   2	   8	     0.059397901571889	     0.044679349801277	     0.878349533807459	     0.017573293106825
   2	   9	     0.057441546308303	     0.044224113587350	     0.880654474404814	     0.017679955170907
   2	  10	     0.055960622958991	     0.043817766025049	     0.882553494916998	     0.017668216754261
   2	  11	     0.054345947120794	     0.043469911530501	     0.884574177850931	     0.017610075336996
   2	  12	     0.053028760365987	     0.043014320799710	     0.886394380033910	     0.017562637355339
   2	  13	     0.047876972565111	     0.046382906181668	     0.883124246927918	     0.022615958414218
   2	  14	     0.049121354563380	     0.043449379848774	     0.882691722668454	     0.024737611882952
   2	  15	     0.049713734698218	     0.041774323098804	     0.881827674890832	     0.026684320776855
   2	  16	     0.050182763066694	     0.040623676545878	     0.880765489595260	     0.028428108545104
   2	  17	     0.050631647228279	     0.039746519414098	     0.879646617910073	     0.029975237369433
   2	  18	     0.051073385352551	     0.038777483781240	     0.878809370283175	     0.031339766610432
   2	  19	     0.050613958050978	     0.037998699672856	     0.877945698916263	     0.033441633462896
   2	  20	     0.049622055878379	     0.037315849283601	     0.877134069111614	     0.035927999895099
   2	  21	     0.048570703315751	     0.036767543523506	     0.876460427923743	     0.038201283473137
   2	  22	     0.045806223386696	     0.036367982867948	     0.877689466531051	     0.040136298652934
   2	  23	     0.047134874894110	     0.030528728258921	     0.884089334009627	     0.038247048370429
   2	  24	     0.044058996493928	     0.028449438951052	     0.888526888844658	     0.038964675740968
   2	  25	     0.039633238354478	     0.027082594382535	     0.892301286390656	     0.040982895596261
   2	  26	     0.037382370559980	     0.025872000396555	     0.895674668681548	     0.041070989885977
   2	  27	     0.035823571072265	     0.024877835924400	     0.898708106197601	     0.040590531195254
   2	  28	     0.034707878287764	     0.023873778843686	     0.901462944408390	     0.039955457759398
   2	  29	     0.033873675332838	     0.022866423977579	     0.903989690047517	     0.039270284883657
   2	  30	     0.033564266881313	     0.021863080292319	     0.906331788343172	     0.038240953692723
   2	  31	     0.033209283390422	     0.020895278887489	     0.908451107469799	     0.037444434450693
   2	  32	     0.032203767255000	     0.019535555353880	     0.910019667116634	     0.038241122702091
   2	  33	     0.030972449881964	     0.023695890887573	     0.907850613253705	     0.037481166852615
   2	  34	     0.031064165490280	     0.024923242168688	     0.907180627998784	     0.036832093648908
   2	  35	     0.030875057681554	     0.024796792611944	     0.907100818059808	     0.037227469336829
   2	  36	     0.030874766706817	     0.023222619323990	     0.908230817749256	     0.037671942256214
   2	  37	     0.030870793659979	     0.022581098480240	     0.908286091033605	     0.038262171183353
   2	  38	     0.031006943079167	     0.021980613376804	     0.908211477023370	     0.038801129181682
   2	  39	     0.030571657368510	     0.020644355834494	     0.908924890467584	     0.039859267282092
   2	  40	     0.030333403219245	     0.019689816374488	     0.909259249676247	     0.040717709965002
   2	  41	     0.029793206646694	     0.019054721784156	     0.909347556768941	     0.041804702309832
   2	  42	     0.029051822619970	     0.018336568902919	     0.909535241128994	     0.043076563125850
   2	  43	     0.029106087873227	     0.017870067383089	     0.909492155648937	     0.043531893134851
   2	  44	     0.029178855476783	     0.017485413145704	     0.909441351565180	     0.043894592109695
   2	  45	     0.032324745783768	     0.017189667669490	     0.909396235986446	     0.041089571110284
