140066.060619710275205
  2013.139426722534608
  1579.493933451781913
  3762.669527665539590
  4242.207996013612501
  1173.567855493442721
  4451.848004563444192
  1206.920041539326803
  4661.148546650453682
  1241.529636386739412
  4870.028722547697726
  1277.406908573354031
  5078.412395856254989
  1314.561945401814910
  5286.236964438501673
  1353.005160208108009
  5493.444608598874765
  1392.746903034895467
  5699.976966596675084
  1433.797244005851553
  5905.781606805983756
  1476.166435124448299
  6110.831338235616386
  1519.864775605432214
  6315.075596637048875
  1564.903081275767590
  6518.492276654131274
  1611.290839209489377
  6721.005579588488217
  1659.036625609572184
  6922.605742726686003
  1708.150971126926606
  7123.264729627418092
  1758.643697323882179
  7322.941108373734096
  1810.523703946229034
  7521.616674599615180
  1863.800724512014767
  7719.266881200688658
  1918.484003827026527
  7915.878106642264356
  1974.583062075323369
  8111.407851737382771
  2032.106071961710541
  8305.833935562279294
  2091.061766052193889
  8499.149358282238609
  2151.459179560861230
  8691.346587242103851
  2213.307543510463802
  8882.400374841381563
  2276.614805780653114
  9072.311008623157250
  2341.390502580524299
  9261.010466986565007
  2407.639567370709301
  9448.515361747482530
  2475.372022025215756
  9634.827020220189297
  2544.596415977472589
  9819.921268785337816
  2615.319825720939662
 10003.781940444183419
  2687.550605817365067
 10186.428842681138121
  2761.297811368035582
 10350.837352874354110
  2835.687233818922323
 10534.790280683457240
  2912.512906508982724
 10694.686154730079579
  2989.782396445224094
 10874.763147745592505
  3069.538602436365636
 11029.937578670247603
  3149.674876104043506
 11205.863263185345204
  3232.339789779709008
 11356.053382795316793
  3315.311754659768212
 11527.508087673677437
  3400.850331634866507
 11672.405898672821422
  3486.612554076379183
 11838.942103718291037
  3574.974731832252473
 11977.968776351191991
  3663.464651604826486
 12139.072871109559856
  3754.576406122239860
 12271.639154487582346
  3845.693212647191103
     1.055088919533620
     0.152661534938082
