135360.479407292121323
  2005.991635635686180
  1535.843269978880926
  5165.009402738075551
  5633.874417644165078
  1551.176789190902582
  5912.805276268842135
  1595.551143390131529
  6191.285255519792372
  1641.598428459714114
  6469.190778795907136
  1689.331576677407156
  6746.447361285260740
  1738.765257825757317
  7022.960118149614573
  1789.912806993499771
  7298.649324005841663
  1842.787864495192252
  7573.443051359833589
  1897.404062860397516
  7847.277780036582044
  1953.775062676294283
  8120.098040737309930
  2011.914544891693140
  8391.844073255166222
  2071.835677904048680
  8662.481872568849212
  2133.552435691565279
  8931.925337914912234
  2197.076228153126067
  9200.156416535923199
  2262.421096913866677
  9467.142275371912547
  2329.600254076619422
  9732.823333150994586
  2398.625260234525740
  9997.166616372396675
  2469.508676202847710
 10260.156271320080123
  2542.263520975729989
 10521.759012825661557
  2616.901802910239894
 10781.953016842682700
  2693.435898391707269
 11040.705765271179189
  2771.877263387098992
 11297.926352714732275
  2852.234610268002598
 11553.679677656844433
  2934.523175611796432
 11807.889759288478672
  3018.751809357097045
 12060.549665191965687
  3104.932381481403809
 12311.669601827441511
  3193.077282056500280
 12561.187389087892370
  3283.194904729683913
 12809.058568796053805
  3375.294772714727060
 13055.267438812874389
  3469.386908012193999
 13299.865285343972573
  3565.485650397065911
 13542.789383646408169
  3663.598040501451578
 13761.594821279877578
  3762.571799490275225
 14006.400315274177046
  3864.784833476021504
 14219.278033517202857
  3967.593576035483238
 14458.959027313558181
  4073.705650552031784
 14665.614040333297453
  4180.330554776479403
 14899.780971557487646
  4290.319357849826702
 15099.785856547114236
  4400.727929143122310
 15328.015816451486899
  4514.552840253499198
 15521.062892274570913
  4628.694421907156539
 15742.980107151101038
  4746.301046069643235
 15928.223936232572669
  4864.061320415713453
 16142.699543013752191
  4985.301361997721870
 16319.275720199468196
  5106.545531781698628
     1.218227029253564
     0.248788489826764
