138784.401925357757136
  2007.915309757841669
  1567.063852874951863
  4265.371725801401226
  4801.513726764149396
  1325.328940951750383
  5038.995946838726013
  1363.110703949090066
  5276.093157131750559
  1402.316850860266641
  5512.711449352420459
  1442.958887578022768
  5748.769676520960275
  1485.048494368023739
  5984.193752521278839
  1528.597344962880243
  6218.916702103438183
  1573.617093638461256
  6452.879607103427588
  1620.119430729445639
  6686.026440643528076
  1668.115916938338842
  6918.301476145556080
  1717.617813622091489
  7149.694601178374796
  1768.638209933463258
  7380.131716803579366
  1821.186908274767347
  7609.546802400845081
  1875.273908795250918
  7837.919485714010989
  1930.911005673212685
  8065.224506674934673
  1988.109502219982005
  8291.423108693772519
  2046.879848471395690
  8516.487144473057924
  2107.232690920939604
  8740.395350747670818
  2169.178835600385355
  8963.110505279422796
  2232.728126263058584
  9184.632955689865412
  2297.891854172386047
  9404.972178926544075
  2364.681547677372237
  9623.976009220552442
  2433.101425349826513
  9841.724817831185646
  2503.165368757505803
 10058.164723291760311
  2574.881149263552743
 10273.312291505309986
  2648.260278003573148
 10487.116816283303706
  2723.310553851669283
 10699.537645284201062
  2800.039234796789060
 10910.605166560148064
  2878.458028690565243
 11120.239942778502154
  2958.572713522441063
 11328.475325470908501
  3040.393461998828116
 11535.311445095197996
  3123.931105406877123
 11721.551245759108497
  3208.201104967888114
 11929.948223851173680
  3295.229735203425662
 12111.143885581683207
  3382.762206598876674
 12315.207920571736395
  3473.110557925121157
 12491.067045185060124
  3563.890609450106695
 12690.377562957963164
  3657.536979042849907
 12860.620115028548753
  3751.531584785453560
 13054.785575966254328
  3848.431896101502389
 13218.960059511571671
  3945.592252050089428
 13407.602472397058591
  4045.693319098905704
 13565.112580386306945
  4145.936488411935898
 13747.684052100607005
  4249.155202011627807
 13897.903780702587028
  4352.376594918635419
     1.184241689046776
     0.182132846078475
