  20	 14039.352120927924261	 49293.702408369055775	  2672.101859078559301	   662.413252915789258	  8195.245971687276324	 28089.566103009892686	 45153.589483304407622	   872.113711578811376	  1567.063852874957092
  21	 14248.266045663069235	 54621.950078375048179	  1098.013962796061151	   677.743557415026999	  8407.285047031758950	 28237.909115603240934	 49293.768949316036014	   652.770323446448856	  1567.063868599372881
  22	 14426.923881849925237	 59887.656282604642911	  1135.964168508442526	   679.644563594849160	  8428.086245810292894	 28152.246301920888072	 54622.114985338615952	   742.608300447585520	  1567.063884323823459
  23	 14615.867308245553431	 65072.765395775393699	  1166.607106371653344	   682.106180816066512	  8461.805508954445031	 28135.028908747666719	 59887.961378109699581	   766.638736292216549	  1567.063900048357937
  24	 14803.423111545122083	 70170.698555439856136	  1203.707516618097770	   685.013854220860821	  8495.715509797597406	 28127.906059145065228	 65073.259244263383152	   782.500619513608626	  1567.063915773001781
  25	 14992.625656641917885	 75174.520652654318837	  1242.387071121466533	   687.895544279196088	  8529.619558704565861	 28127.652674846322043	 70171.436313759229961	   791.349055466153345	  1567.063931497774547
  26	 15183.130869934901057	 80077.212258544357610	  1282.917406444401649	   691.241991772003303	  8563.184517170046092	 28131.187400626640738	 75175.563653331599198	   796.464027173226555	  1567.063947222701472
  27	 15375.115959824111997	 84872.354172324063256	  1324.903515173824871	   694.194814935879890	  8596.199672440143331	 28137.722251020124531	 80078.627158376111765	   798.243708530556432	  1567.063962947885329
  28	 15568.234401181456633	 89553.669210280684638	  1369.115190294711738	   695.815089468948827	  8628.054185268063520	 28144.205850974056375	 84874.212725742137991	   798.933599341364925	  1567.063978673330212
  29	 15760.936966454119101	 94113.037260141485604	  1415.909593566950662	   699.477830370762376	  8658.793022125462812	 28151.566346844992950	 89556.049430716288043	   797.943421264435074	  1567.063994399131616
  30	 15955.371761597669320	 98545.039983267037314	  1462.272132536560775	   703.246314938377054	  8688.524532909761547	 28158.617528984003002	 94116.022926701814868	   797.164013211979523	  1567.064010125352752
  31	 16243.345758563347772	103980.324795637148782	  1509.530424252059902	   725.608917353335755	  9423.263881258901165	 30189.961164680240472	 98548.717352863561246	   742.624499444583421	  1567.064005297326730
  32	 16505.602508273874264	109968.185222138272366	  1573.816606308949986	   746.177465974726829	  9890.323156888787707	 31442.125152419652295	103984.842476125602843	   694.950109167551545	  1567.064001042773043
  33	 16752.414964507628611	116255.600162737115170	  1623.905643009167989	   764.391647304296271	 10195.996360453787929	 32214.831965146429866	109973.710992177322623	   656.079664219881465	  1567.063996854355537
  34	 16988.757331027904002	122687.914756782600307	  1668.841053333363789	   781.130299276339088	 10404.715348341180288	 32701.375648628330964	116262.291604411482695	   621.066579325084604	  1567.063992631095743
  35	 17219.443115537575068	129174.177702938817674	  1705.635399469592812	   793.539772747167376	 10553.487831907461441	 33008.601457172677328	122695.930298507373664	   589.576227878863733	  1567.063988370339530
  36	 17445.110267862633918	135653.095643455802929	  1750.260512982386672	   806.060635478461791	 10664.913587923343584	 33209.947828010343073	129183.675274388559046	   565.094756748576970	  1567.063984088659254
  37	 17665.236160378171917	142089.459538360446459	  1793.274986256558577	   821.589606541293165	 10752.684098837751662	 33348.456367399521696	135664.243649010459194	   539.541546022132479	  1567.063979801222331
  38	 17883.721486792852374	148460.049869967304403	  1824.572652792397776	   839.314467888415834	 10826.531197667067318	 33452.659868660128268	142102.436571366240969	   501.142173705397170	  1567.063975518052530
  39	 18106.802858805560390	154752.362713167269249	  1847.578922270697831	   847.181081836759745	 10893.577947683181264	 33535.566910128800373	148475.042704425373813	   454.355484179768723	  1567.063971244587265
  40	 18326.254612113691110	160950.255002856429201	  1894.269849562022955	   849.615904596321570	 10947.791465776776022	 33575.835166220778774	154769.569142459862633	   438.000170541038358	  1567.063966982682814
  41	 18554.460628665932745	167371.043173903541174	  1947.460375418135527	   854.997820683994178	 11169.983359880277931	 34125.267408411644283	160969.882754384918371	   420.988661612800570	  1567.063957904732661
  42	 18785.418590308381681	173934.901767744449899	  1991.061821869449886	   863.898446209934946	 11358.960300410375567	 34560.528063703233784	167393.260178455209825	   393.539697815087663	  1567.063949372695788
  43	 19014.058784402845049	180577.628819042380201	  2035.719125290790089	   871.135875135606739	 11509.456068996052636	 34873.968845326526207	173959.861996361432830	   376.214977224426150	  1567.063941122305778
  44	 19241.609802657476394	187244.635808264894877	  2083.010146052096843	   882.045698504673283	 11632.360031876682115	 35105.812080758165393	180605.507625227182871	   360.109080228905157	  1567.063933012677808
  45	 19470.533394846828742	193905.229736452893121	  2130.548886538997067	   888.037600669860581	 11736.310795526469519	 35280.495944879534363	187275.625379760342184	   347.334844662814476	  1567.063924973496341
  46	 19700.438723046736413	200523.099921573244501	  2182.354398577935171	   897.845011413070665	 11825.217996277817292	 35412.830074411154783	193939.543169821874471	   334.824399242722222	  1567.063916969593492
  47	 19931.994355450544390	207078.504404272011016	  2231.622016011760024	   908.371009284154070	 11904.386680795390930	 35516.296155311851180	200560.942550849780673	   323.263872043605545	  1567.063908984069030
  48	 20165.026429410423589	213552.827007059619064	  2286.911879518585010	   919.013512669630245	 11974.762877742999990	 35594.895034152614244	207120.092919683229411	   319.224634555439366	  1567.063901009677238
  49	 20400.240099901962822	219932.872253291890956	  2336.658467747352461	   928.046665791446344	 12034.455464058211874	 35636.357512975642749	213598.410585408768384	   326.730285880954739	  1567.063893044542056
  50	 20643.908408767780202	226196.298374178266386	  2383.100813107557315	   940.040385342886225	 12097.468077849527617	 35698.603684177396644	219982.670945785823278	   307.480605649463257	  1567.063885089673477
  51	 20869.559242239720334	232362.399737792293308	  2446.702523735342311	   942.249746502199400	 12174.087156570669322	 35748.241238770344353	226250.592293694760883	   324.012920393789670	  1567.063900206785775
  52	 21108.275871498892229	238433.476889467419824	  2487.152719815132059	   948.881347520068744	 12247.013012250448810	 35814.031304221483879	232427.123143135191640	   317.298724715874300	  1567.063915402693738
  53	 21353.381628434413869	244373.963619731541257	  2538.032314463432613	   959.920779446866618	 12310.328928239005108	 35868.073408303469478	238501.724962363747181	   310.373414670225145	  1567.063930568932619
  54	 21601.471341336688056	250178.372540268988814	  2582.621981148647137	   970.238291045080700	 12366.972539980788497	 35909.950819613106432	244454.143259181379108	   296.263410502871295	  1567.063945707855737
  55	 21854.190451445658255	255817.974064729351085	  2632.851186873772349	   982.489881746891342	 12417.862882549126880	 35943.498996350790549	250262.969910086307209	   282.085207180756754	  1567.063960821721594
  56	 22107.579413242354349	261297.291335128364153	  2688.378708295398610	   991.813848364827436	 12465.400061494652618	 35972.350001912760490	255916.230672125413548	   273.681365178875353	  1567.063975928140053
  57	 22363.250527706433786	266588.142705100937746	  2752.132293166412637	  1003.189308544114283	 12508.427278062992627	 35993.469544320774730	261401.043841763486853	   267.937942069247072	  1567.063991024814413
  58	 22618.326741336066334	271697.303141264244914	  2814.060664967104913	  1015.718128254337557	 12549.423706600178775	 36013.613012154222815	266707.436070668452885	   263.360342886544061	  1567.064006123831859
  59	 22874.786710945652885	276604.348131359904073	  2871.684572885666057	  1028.465793214246560	 12588.994167702501727	 36034.811879725821200	271823.289812117232941	   249.606501547372460	  1567.064021218780908
  60	 23126.188537078156514	281321.541609433770645	  2933.788368903332412	  1040.070132812269549	 12625.759048414900462	 36049.784464889984520	276747.970551545498893	   245.308352412033116	  1567.064036319478191
  61	 23370.738111917893548	285832.602754238178022	  2998.328303237190994	  1056.473348876903856	 12660.228828993085699	 36063.285427707160125	281473.272184185392689	   240.240348290488015	  1567.064051418144118
  62	 23599.896712957448472	290171.859810775727965	  3057.794242930875043	  1069.699519110012488	 12694.782484618788658	 36080.250030439870898	286004.260336742619984	   235.333935525460788	  1567.064066523880456
  63	 23803.127221713733888	294360.287594807392452	  3122.856142380664096	  1075.024679923240683	 12728.739940252477027	 36101.124010415296652	290353.223010213405360	   231.166991318101225	  1567.064081628413987
  64	 23982.242046002196730	298030.020164288580418	  3197.697573416937303	  1326.000206351450743	 13077.680780089445761	 36264.901084680837812	294563.806660960777663	   251.010922942900777	  1567.064096740628429
  65	 20600.915644264961884	295411.653534226818010	  5204.878053424140489	  1326.000206480021916	   949.102454630717034	 15817.927231778090572	298243.092845243809279	   140.178221773096141	  1567.064096892591579
  66	 20633.004367804565845	292630.683465384121519	  5315.130601252575616	  1326.000206622136147	   930.451340829851119	 15824.566609946106837	295651.937565299915150	   172.966249144975563	  1567.064097060534323
  67	 20668.271598786959657	289657.372182252816856	  5426.832029354732185	  1326.000206770976774	   910.997705896273260	 15831.507332259432587	292884.835098294541240	   200.233128134444712	  1567.064097236427187
  68	 20703.868912829631881	286495.582746331463568	  5538.708060566201311	  1326.000206934928883	   890.800206673599178	 15839.142025121842380	289938.417212348780595	   224.364298896812471	  1567.064097430187985
  69	 20745.829212978151190	283115.048589118232485	  5652.030472432805254	  1326.000207106943435	   869.738984842112586	 15847.145198335731038	286790.400477078102995	   246.843191738877010	  1567.064097633479605
  70	 20788.470147818170517	279521.956266910827253	  5765.473594722931011	  1326.000207295820246	   847.799243055999455	 15855.927131853995888	283437.889469357091002	   268.395160154846451	  1567.064097856698481
  71	 20830.801002330543270	275694.393201842205599	  5880.360714752185231	  1326.000207494332699	   824.878265136941650	 15865.153348804771667	279859.505928032041993	   289.692413925780102	  1567.064098091297637
  72	 20875.791554201081453	271637.447169154998846	  5995.315910376915781	  1326.000207711738085	   801.167578175977610	 15875.254274300452380	276061.725859069672879	   310.993377270838664	  1567.064098348223979
  73	 20920.868069737378391	267328.559653831005562	  6111.711616553014210	  1326.000207940636983	   776.618677788948162	 15885.887402983000356	272021.080454389273655	   332.735363526922868	  1567.064098618726575
  74	 20962.536449670216825	262780.591415680537466	  6228.123008237686918	  1326.000208190773265	   751.296763136562163	 15897.505483372497110	267744.153559504484292	   354.999076763104938	  1567.064098914348733
  75	 21006.985740660777083	257967.802750185743207	  6345.969258681832798	  1326.000208454619951	   725.127259656320120	 15909.758953261065471	263214.501909672748297	   378.131250096275778	  1567.064099226159897
  76	 21047.001866775091912	252904.588821194483899	  6463.778312872501374	  1326.000208742437280	   698.245657788758194	 15923.124993295077729	258436.085566111636581	   402.072861706210972	  1567.064099566299319
  77	 21084.578307821284398	247570.806049589766189	  6583.013746914069998	  1326.000209046567534	   670.604525981873621	 15937.247959705518952	253393.260796485294122	   427.054381743120871	  1567.064099925720029
  78	 21119.880137502688740	241978.561135959200328	  6702.158437892428992	  1326.000209377849160	   642.340360167011795	 15952.631580179748198	248096.129316337959608	   453.002865719320084	  1567.064100317229077
  79	 21150.850629231037601	236109.567303072282812	  6822.718280140476054	  1326.000209728538493	   613.402369785326869	 15968.915038045650363	242526.185502166161314	   480.233852489999094	  1567.064100731667168
  80	 21178.416298971904325	229977.335232729587005	  6943.133965344123681	  1326.000210110059697	   584.084641447993022	 15986.630676212103936	236695.856948315631598	   508.649916157347207	  1567.064101182548484
  81	 21203.563866532327665	223560.939382463810034	  7064.952127077064688	  1326.000210514553373	   554.308683523660648	 16005.413186856414541	230587.558456468977965	   538.587274467318821	  1567.064101660582310
  82	 21224.869021592428908	216874.285219085024437	  7186.575188031460129	  1326.000210954160366	   524.165535554393955	 16025.825357579873526	224211.178180577349849	   569.929694843032735	  1567.064102180113423
  83	 21240.882049051579088	209899.494159170280909	  7309.589800492325594	  1326.000211420904634	   493.566532543896187	 16047.497544949237636	217549.297919616132276	   603.040921954980263	  1567.064102731706953
  84	 21246.609825063558674	202657.890449102327693	  7432.365473074022702	  1326.000211927585042	   462.695534447233285	 16071.024193286746595	210614.936157601798186	   637.782155590751927	  1567.064103330501439
  85	 21250.447177208629000	195127.433141874324065	  7556.529473716313987	  1326.000212466125959	   431.539338542530288	 16096.030441783690549	203398.002171437081415	   674.504190198706965	  1567.064103966946504
  86	 21243.559396236549219	187329.153791096061468	  7680.425674165156124	  1326.000213050025195	   400.272848276333150	 16123.142340306738333	195906.774802524159895	   713.090093597203918	  1567.064104657003099
  87	 21228.166380633767403	179248.140498353663133	  7805.724414214375429	  1326.000213671042275	   368.901063791258935	 16151.977072549902005	188130.960625086736400	   753.999855217626987	  1567.064105390919394
  88	 21201.084946522514656	170905.569470894435653	  7930.753633214541878	  1326.000214343248899	   337.625317075004773	 16183.189962703227138	180085.419371665018843	   797.089148349681409	  1567.064106185335959
  89	 21168.309654508091626	162282.636189523385838	  8057.231593957852056	  1326.000215058156073	   306.498278020306259	 16216.384412929533937	171760.392086641601054	   842.941831436847792	  1567.064107030206515
  90	 21127.869519326279260	153393.990625831676880	  8183.482817830139538	  1326.000215830339130	   275.701944413673573	 16252.238924625771688	163165.701670404552715	   891.505041934739552	  1567.064107942765986
  91	 21086.535868576596840	144214.158548528415849	  8311.281062846979694	  1326.000216650741095	   245.260925374408174	 16290.332498085961561	154285.875188540754607	   943.596856919694574	  1567.064108912318488
  92	 21039.529885072359320	134752.750138361763675	  8438.962738462863854	  1326.000217534234935	   215.382968778495353	 16331.354981552954996	145122.613762258552015	   999.265989128775800	  1567.064109956424772
  93	 21006.053160621046118	124965.127959938632557	  8568.367135568232698	  1326.000218470822574	   186.499181833035152	 16374.843477980368334	135656.469679370027734	  1059.503190625168827	  1567.064111063279142
  94	 21013.018193994201283	114801.879684534651460	  8697.859777699713959	  1326.000219475199401	   158.447136199629597	 16421.479411139971489	125867.398301698005525	  1125.047908507216334	  1567.064112250262269
  95	 21099.958375746555248	104135.370121166473837	  8829.356589441435062	  1326.000220535938297	   131.211949809783988	 16470.731652161168313	115677.050647222262342	  1198.794692647111106	  1567.064113503838598
  96	 21408.639790979785175	 92689.511799308806076	  8961.269031261923374	  1326.000221666900643	   104.885157512276919	 16523.243816381531360	104979.393884082965087	  1280.214772206542875	  1567.064114840404727
  97	 22075.357815158105950	 79986.638238946252386	  9095.598596185514907	  1326.000222854373988	    79.311197274259115	 16578.380730607797886	 93469.178756161185447	  1372.237255562338760	  1567.064116243754597
  98	 23542.956933573866991	 65025.977057330324897	  9230.814758892809550	  1326.000224110517138	    54.427187080588446	 16636.709699449773325	 80681.183651974148233	  1478.553393705549752	  1567.064117728266183
  99	 27301.422879434034257	 44972.479086944389564	  9369.005759255207522	  1326.000225418700211	    30.643144158899290	 16697.449059367620066	 65575.508875287123374	  1608.670040153128639	  1567.064119274265295
 100	 48555.841857037565205	     0.000000000000707	  9508.699903783592163	     0.000000000000000	    12.629075069957773	 16761.047339726806968	 45289.190181198078790	  1560.755330791976803	  1567.064120892976689
