0.000000000000000
0.769313130617352
0.572299115665706
0.339803925485445
0.000000000000000
0.000000000000000
0.736327278452890
0.682889678631267
0.463513110168110
0.000000000000000
0.000000000000000
0.658748024193467
0.781356295454537
0.603002217984191
0.000000000000000
0.000000000000000
0.764151159140475
0.545352670736356
0.314707235023756
0.000000000000000
0.000000000000000
0.758814887884445
0.631858534562842
0.402359796569454
0.000000000000000
0.000000000000000
0.709798256315957
0.724406855683627
0.518724333395925
0.000000000000000
0.000000000000000
0.769316096017088
0.577851308688059
0.345237134723854
0.000000000000000
0.000000000000000
0.734682012197114
0.685862689822533
0.467299618848912
0.000000000000000
0.000000000000000
0.656798036833069
0.783152481348258
0.605827368599915
0.000000000000000
0.000000000000000
0.764629489009257
0.546540560318304
0.315764781273417
0.000000000000000
0.000000000000000
0.758275594409826
0.633461679968777
0.404173091549308
0.000000000000000
0.000000000000000
0.709047299183081
0.725423504082422
0.520140604494822
0.000000000000000
0.000000000000000
0.769101651139208
0.582803771336085
0.350154114948051
0.000000000000000
0.000000000000000
0.733090997144184
0.688674987768786
0.470904748141222
0.000000000000000
0.000000000000000
0.654922320574673
0.784859699565413
0.608522206251749
0.000000000000000
0.000000000000000
0.765118517132550
0.547843266199880
0.316930295033523
0.000000000000000
0.000000000000000
0.757724311485977
0.635066912785431
0.405995619107557
0.000000000000000
0.000000000000000
0.708286386032503
0.726446543282461
0.521568945000306
0.000000000000000
0.000000000000000
0.768747910992920
0.587286085822481
0.354660991422826
0.000000000000000
0.000000000000000
0.731550092050058
0.691343185173938
0.474346191273516
0.000000000000000
0.000000000000000
0.653116335024833
0.786484803367317
0.611096144920150
0.000000000000000
0.000000000000000
0.765606510796429
0.549247927975314
0.318193612177689
0.000000000000000
0.000000000000000
0.757161669269111
0.636672547639674
0.407825493413766
0.000000000000000
0.000000000000000
0.707515982254685
0.727475183491946
0.523008312481852
0.000000000000000
0.000000000000000
0.768301507033252
0.591388895591831
0.358833084994759
0.000000000000000
0.000000000000000
0.730055629659716
0.693881420880758
0.477639099086800
0.000000000000000
0.000000000000000
0.651375987708628
0.788033877571291
0.613557585249916
0.000000000000000
0.000000000000000
0.766083416484328
0.550742024453724
0.319544692950068
0.000000000000000
0.000000000000000
0.756588281975814
0.638277058092960
0.409660982272138
0.000000000000000
0.000000000000000
0.706736540204649
0.728508671176928
0.524457705977972
0.000000000000000
0.000000000000000
0.767791857708128
0.595178271323591
0.362725966561578
0.000000000000000
0.000000000000000
0.728604347148746
0.696301831028773
0.480796552285514
0.000000000000000
0.000000000000000
0.649697575844320
0.789512348539111
0.615914055152363
0.000000000000000
0.000000000000000
0.766540946751881
0.552313614492783
0.320973820543756
0.000000000000000
0.000000000000000
0.756004746095859
0.639879065168246
0.411500497214180
0.000000000000000
0.000000000000000
0.705948499093788
0.729546288466956
0.525916165574260
0.000000000000000
0.000000000000000
0.767238327425624
0.598703964790713
0.366381918653580
0.000000000000000
0.000000000000000
0.727193328563679
0.698614912640365
0.483829927886915
0.000000000000000
0.000000000000000
0.648077737443846
0.790925075171435
0.618172326706246
0.000000000000000
0.000000000000000
0.766972535170754
0.553951505405594
0.322471749768371
0.000000000000000
0.000000000000000
0.755411639028206
0.641477326292178
0.413342583837449
0.000000000000000
0.000000000000000
0.705152284940550
0.730587352450698
0.527382771841130
0.000000000000000
0.000000000000000
0.766654096364057
0.602004440577491
0.369833930192391
0.000000000000000
0.000000000000000
0.725819956980984
0.700829807914971
0.486749187268449
0.000000000000000
0.000000000000000
0.646513409984509
0.792276424712505
0.620338514012349
0.000000000000000
0.000000000000000
0.767373203458317
0.555645357322044
0.324029809197689
0.000000000000000
0.000000000000000
0.754809518088796
0.643070724729853
0.415185912475476
0.000000000000000
0.000000000000000
0.704348310574262
0.731631214378845
0.528856645150497
0.000000000000000
0.000000000000000
0.766048379390945
0.605110092910319
0.373108280735098
0.000000000000000
0.000000000000000
0.724481874549515
0.702954529180841
0.489563105240774
0.000000000000000
0.000000000000000
0.645001795273373
0.793570336308950
0.622418155620834
0.000000000000000
0.000000000000000
0.767739378754263
0.557385734422771
0.325639962781067
0.000000000000000
0.000000000000000
0.754198919841099
0.644658259563161
0.417029269259393
0.000000000000000
0.000000000000000
0.703536975686601
0.732677258790162
0.530336944889275
0.000000000000000
0.000000000000000
0.765427760685093
0.608045384107097
0.376226276008343
0.000000000000000
0.000000000000000
0.723176948948031
0.704996138819765
0.492279454155757
0.000000000000000
0.000000000000000
0.643540329412121
0.794810374621565
0.624416284370514
0.000000000000000
0.000000000000000
0.768068690350565
0.559164114583005
0.327294838111326
0.000000000000000
0.000000000000000
0.753580359703583
0.646239036242546
0.418871547611821
0.000000000000000
0.000000000000000
0.702718666925496
0.733724902575212
0.531822868586166
0.000000000000000
0.000000000000000
0.764797028873604
0.610830313355727
0.379205450686489
0.000000000000000
0.000000000000000
0.721903245084354
0.706960894597449
0.494905153306937
0.000000000000000
0.000000000000000
0.642126656990100
0.795999775300612
0.626337486886050
0.000000000000000
0.000000000000000
0.768359766423925
0.560972868289771
0.328987728693762
0.000000000000000
0.000000000000000
0.752954331792063
0.647812257725335
0.420711740197374
0.000000000000000
0.000000000000000
0.701893758026563
0.734773593990917
0.533313650966800
0.000000000000000
0.000000000000000
0.764159717301006
0.613481453917036
0.382060424580097
0.000000000000000
0.000000000000000
0.720659001097197
0.708854368110328
0.497446391237867
0.000000000000000
0.000000000000000
0.640758608803703
0.797141483762015
0.628185954523743
0.000000000000000
0.000000000000000
0.768612043763712
0.562805216293187
0.330712577017043
0.000000000000000
0.000000000000000
0.752321308958869
0.649377216200782
0.422548931341321
0.000000000000000
0.000000000000000
0.701062609977444
0.735822811637787
0.534808562950961
0.000000000000000
0.000000000000000
0.763518463599431
0.616012703258058
0.384803526347398
0.000000000000000
0.000000000000000
0.719442607907134
0.710681542121660
0.499908726684400
0.000000000000000
0.000000000000000
0.639434182533542
0.798238188413960
0.629965527204032
0.000000000000000
0.000000000000000
0.768825597623453
0.564655173753796
0.332463944303319
0.000000000000000
0.000000000000000
0.751681742994816
0.650933285392115
0.424382289917913
0.000000000000000
0.000000000000000
0.700225571210768
0.736872063410448
0.536306910604313
0.000000000000000
0.000000000000000
0.762875254921361
0.618435836950677
0.387445257089207
0.000000000000000
0.000000000000000
0.718252591709647
0.712446891160117
0.502297172506780
0.000000000000000
0.000000000000000
0.638151525915744
0.799292349259715
0.631679731293556
0.000000000000000
0.000000000000000
0.769000994643237
0.566517486943155
0.334236971750448
0.000000000000000
0.000000000000000
0.751036064963923
0.652479913418593
0.426211062702178
0.000000000000000
0.000000000000000
0.699382977821732
0.737920885430882
0.537808034055773
0.000000000000000
0.000000000000000
0.762231598789661
0.620760925194654
0.389994641084115
0.000000000000000
0.000000000000000
0.717087598919071
0.714154448730042
0.504616265960754
0.000000000000000
0.000000000000000
0.636908922027029
0.800306222627139
0.633331812483131
0.000000000000000
0.000000000000000
0.769139169042599
0.568387567012250
0.336027337031276
0.000000000000000
0.000000000000000
0.750384685644556
0.654016616195351
0.428034568173254
0.000000000000000
0.000000000000000
0.698535153806627
0.738968840972695
0.539311306390530
0.000000000000000
0.000000000000000
0.761588644368536
0.622996651131583
0.392459495333911
0.000000000000000
0.000000000000000
0.715946383164165
0.715807863724116
0.506870127908571
0.000000000000000
0.000000000000000
0.635704776369669
0.801281882636977
0.634924764436464
0.000000000000000
0.000000000000000
0.769241320639124
0.570261424038740
0.337831208873322
0.000000000000000
0.000000000000000
0.749727996054150
0.655542971345313
0.429852190753135
0.000000000000000
0.000000000000000
0.697682411318942
0.740015519383710
0.540816132527545
0.000000000000000
0.000000000000000
0.760947269972876
0.625150557630883
0.394846639633769
0.000000000000000
0.000000000000000
0.714827794009195
0.717410448061278
0.509062513008194
0.000000000000000
0.000000000000000
0.634537605495965
0.802221239912097
0.636461353847594
0.000000000000000
0.000000000000000
0.769308832391476
0.572135603517614
0.339645201746965
0.000000000000000
0.000000000000000
0.749066368037870
0.657058612595210
0.431663375461806
0.000000000000000
0.000000000000000
0.696825050939933
0.741060535013213
0.542321948089377
0.000000000000000
0.000000000000000
0.760308147145736
0.627229241106755
0.397162062361804
0.000000000000000
0.000000000000000
0.713730767132864
0.718965217143007
0.511196852491868
0.000000000000000
0.000000000000000
0.633406026955080
0.803126057941864
0.637944142435211
0.000000000000000
0.000000000000000
0.769343204834429
0.574007126654101
0.341466332049459
0.000000000000000
0.000000000000000
0.748400154904430
0.658563224626621
0.433467622967875
0.000000000000000
0.000000000000000
0.695963361960871
0.742103526149298
0.543828218271172
0.000000000000000
0.000000000000000
0.759671788194475
0.629238505518771
0.399411052816038
0.000000000000000
0.000000000000000
0.712654315744428
0.720474924392808
0.513276290817703
0.000000000000000
0.000000000000000
0.632308750380287
0.803997967445076
0.639375506313328
0.000000000000000
0.000000000000000
0.769346004768896
0.575873435219783
0.343291976675107
0.000000000000000
0.000000000000000
0.747729692094879
0.660056538352584
0.435264485012712
0.000000000000000
0.000000000000000
0.695097622674408
0.743144153970980
0.545334436714792
0.000000000000000
0.000000000000000
0.759038581870175
0.631183486035550
0.401598307943055
0.000000000000000
0.000000000000000
0.711597523054130
0.721942090890695
0.515303717224604
0.000000000000000
0.000000000000000
0.631244569563468
0.804838479017613
0.640757653105690
0.000000000000000
0.000000000000000
0.769318825750575
0.577732341304810
0.345119834489296
0.000000000000000
0.000000000000000
0.747055297872425
0.661538326590575
0.437053560185673
0.000000000000000
0.000000000000000
0.694228100672784
0.744182101518993
0.546840124393233
0.000000000000000
0.000000000000000
0.758408820430325
0.633068749298465
0.403728019226420
0.000000000000000
0.000000000000000
0.710559535645832
0.723369030917753
0.517281793023366
0.000000000000000
0.000000000000000
0.630212355387357
0.805648994304324
0.642092637112540
0.000000000000000
0.000000000000000
0.769263258192084
0.579581982004299
0.346947890953677
0.000000000000000
0.000000000000000
0.746377274023385
0.663008400103350
0.438834490027999
0.000000000000000
0.000000000000000
0.693355053150801
0.745217072688542
0.548344828509733
0.000000000000000
0.000000000000000
0.757782720360674
0.634898375432675
0.405803944034256
0.000000000000000
0.000000000000000
0.709539557624639
0.724757874071783
0.519212975301448
0.000000000000000
0.000000000000000
0.629211049505582
0.806430815896537
0.643382372790037
0.000000000000000
0.000000000000000
0.769180867195459
0.581420778883119
0.348774385960075
0.000000000000000
0.000000000000000
0.745695906561064
0.664466603980187
0.440606955443383
0.000000000000000
0.000000000000000
0.692478727211748
0.746248791246692
0.549848121415310
0.000000000000000
0.000000000000000
0.757160438377748
0.636676025673516
0.407829464670670
0.000000000000000
0.000000000000000
0.708536845432789
0.726110584493392
0.521099537596020
0.000000000000000
0.000000000000000
0.628239658676817
0.807185156125235
0.644628646762798
0.000000000000000
0.000000000000000
0.769073176529184
0.583247401943737
0.350597784803033
0.000000000000000
0.000000000000000
0.745011466425906
0.665912814332276
0.442370673393833
0.000000000000000
0.000000000000000
0.691599360174637
0.747276999876549
0.551349599547849
0.000000000000000
0.000000000000000
0.756542083882268
0.638404998548978
0.409807637607833
0.000000000000000
0.000000000000000
0.707550703243793
0.727428977645235
0.522943587991890
0.000000000000000
0.000000000000000
0.627297249672841
0.807913144894049
0.645833128557077
0.000000000000000
0.000000000000000
0.768941657437474
0.585060737755494
0.352416752139332
0.000000000000000
0.000000000000000
0.744324210176523
0.667346935277422
0.444125393860326
0.000000000000000
0.000000000000000
0.690717179881314
0.748301459249901
0.552848882395309
0.000000000000000
0.000000000000000
0.755927728718080
0.640088276878057
0.411741234809369
0.000000000000000
0.000000000000000
0.706580478858707
0.728714735009785
0.524747085022276
0.000000000000000
0.000000000000000
0.626382944691692
0.808615836674698
0.646997380214585
0.000000000000000
0.000000000000000
0.768787721210695
0.586859861374331
0.354230128734865
0.000000000000000
0.000000000000000
0.743634380667327
0.668768896190657
0.445870897048667
0.000000000000000
0.000000000000000
0.689832405002188
0.749321947129614
0.554345611485149
0.000000000000000
0.000000000000000
0.755317414867588
0.641728567338816
0.413632778633281
0.000000000000000
0.000000000000000
0.705625560039839
0.729969417008793
0.526511851686931
0.000000000000000
0.000000000000000
0.625495917216602
0.809294216769658
0.648122864924045
0.000000000000000
0.000000000000000
0.768612714652344
0.588644011677508
0.356036910775156
0.000000000000000
0.000000000000000
0.742942207709451
0.670178649198876
0.447606990822065
0.000000000000000
0.000000000000000
0.688945245339469
0.750338257502661
0.555839449401606
0.000000000000000
0.000000000000000
0.754711160554200
0.643328333979790
0.415484571484179
0.000000000000000
0.000000000000000
0.704685371226750
0.731194474397158
0.528239587850577
0.000000000000000
0.000000000000000
0.624635388269438
0.809949206931803
0.649210954788283
0.000000000000000
0.000000000000000
0.768417917751148
0.590412569749398
0.357836231508072
0.000000000000000
0.000000000000000
0.742247908712399
0.671576166899100
0.449333508342973
0.000000000000000
0.000000000000000
0.688055902126973
0.751350199744395
0.557330078832106
0.000000000000000
0.000000000000000
0.754108965105972
0.644889826759888
0.417298721141915
0.000000000000000
0.000000000000000
0.703759370587366
0.732391258342971
0.529931881242546
0.000000000000000
0.000000000000000
0.623800623014224
0.810581670418229
0.650262937828472
0.000000000000000
0.000000000000000
0.768204543009793
0.592165039975636
0.359627344990433
0.000000000000000
0.000000000000000
0.741551689304568
0.672961440281409
0.451050305907853
0.000000000000000
0.000000000000000
0.687164568325670
0.752357597814361
0.558817201643717
0.000000000000000
0.000000000000000
0.753510812849323
0.646415105980815
0.419077162507243
0.000000000000000
0.000000000000000
0.702847047363692
0.733561029371851
0.531590217244008
0.000000000000000
0.000000000000000
0.622990927672071
0.811192416544835
0.651280024313383
0.000000000000000
0.000000000000000
0.767973735998329
0.593901033529361
0.361409611720395
0.000000000000000
0.000000000000000
0.740853743931335
0.674334476839039
0.452757260959615
0.000000000000000
0.000000000000000
0.686271428914276
0.753360289483733
0.560300537990283
0.000000000000000
0.000000000000000
0.752916676238577
0.647906063305135
0.420821676360397
0.000000000000000
0.000000000000000
0.701947919477240
0.734704965326131
0.533215987620663
0.000000000000000
0.000000000000000
0.622205646713803
0.811782204799266
0.652263352489909
0.000000000000000
0.000000000000000
0.767726576794435
0.595620253962066
0.363182485951583
0.000000000000000
0.000000000000000
0.740154256429833
0.675695298849455
0.454454270263516
0.000000000000000
0.000000000000000
0.685376661174315
0.754358125594236
0.561779825450593
0.000000000000000
0.000000000000000
0.752326518379978
0.649364439919871
0.422533905615415
0.000000000000000
0.000000000000000
0.701061531364041
0.735824168466610
0.534810498335236
0.000000000000000
0.000000000000000
0.621444160300806
0.812351748562213
0.653213993781179
0.000000000000000
0.000000000000000
0.767464082048170
0.597322484640529
0.364945504501269
0.000000000000000
0.000000000000000
0.739453400579982
0.677043941811518
0.456141248233357
0.000000000000000
0.000000000000000
0.684480434969153
0.755350969348256
0.563254818197738
0.000000000000000
0.000000000000000
0.751740295073321
0.650791842300861
0.424215369463845
0.000000000000000
0.000000000000000
0.700187452013089
0.736919671825623
0.536374976554418
0.000000000000000
0.000000000000000
0.620705881948237
0.812901718480569
0.654132957510153
0.000000000000000
0.000000000000000
0.767187207468867
0.599007577799404
0.366698276881857
0.000000000000000
0.000000000000000
0.738751340631582
0.678380453025058
0.457818125395748
0.000000000000000
0.000000000000000
0.683582913016622
0.756338695629688
0.564725286199592
0.000000000000000
0.000000000000000
0.751157956467416
0.652189755950285
0.425867475730787
0.000000000000000
0.000000000000000
0.699325273185538
0.737992444904431
0.537910576948556
0.000000000000000
0.000000000000000
0.619990256387871
0.813432745530385
0.655021195199313
0.000000000000000
0.000000000000000
0.766896850579414
0.600675445005330
0.368440476601801
0.000000000000000
0.000000000000000
0.738048231807581
0.679704890300308
0.459484846981184
0.000000000000000
0.000000000000000
0.682684251154904
0.757321190354952
0.566191014450197
0.000000000000000
0.000000000000000
0.750579448405033
0.653559557413785
0.427491531709677
0.000000000000000
0.000000000000000
0.698474607794849
0.739043398794655
0.539418387368560
0.000000000000000
0.000000000000000
0.619296757610560
0.813945423802832
0.655879604490854
0.000000000000000
0.000000000000000
0.766593853620574
0.602326048852684
0.370171833498213
0.000000000000000
0.000000000000000
0.737344220783791
0.681017320785694
0.461141371631507
0.000000000000000
0.000000000000000
0.681784598601438
0.758298349853511
0.567651802231700
0.000000000000000
0.000000000000000
0.750004713517088
0.654902524830683
0.429088753696789
0.000000000000000
0.000000000000000
0.697635088430594
0.740073390792424
0.540899433972946
0.000000000000000
0.000000000000000
0.618624887070615
0.814440313042280
0.656709032726401
0.000000000000000
0.000000000000000
0.766279006517404
0.603959395733032
0.371892126978534
0.000000000000000
0.000000000000000
0.736639446145528
0.682317819903471
0.462787670214183
0.000000000000000
0.000000000000000
0.680884098204678
0.759270080277139
0.569107462406359
0.000000000000000
0.000000000000000
0.749433692113608
0.656219847228106
0.430660275409664
0.000000000000000
0.000000000000000
0.696806366010765
0.741083228564478
0.542354685868094
0.000000000000000
0.000000000000000
0.617974172036450
0.814917940962078
0.657510280220639
0.000000000000000
0.000000000000000
0.765953049842714
0.605575529540064
0.373601180062511
0.000000000000000
0.000000000000000
0.735934038821716
0.683606470383587
0.464423724734549
0.000000000000000
0.000000000000000
0.679982886688549
0.760236297037128
0.570557820738037
0.000000000000000
0.000000000000000
0.748866322909379
0.657512632735180
0.432207155443788
0.000000000000000
0.000000000000000
0.695988108549267
0.742073673917557
0.543785059316487
0.000000000000000
0.000000000000000
0.617344164073608
0.815378805360594
0.658284103259240
0.000000000000000
0.000000000000000
0.765616677730320
0.607174526189259
0.375298854128371
0.000000000000000
0.000000000000000
0.735228122497150
0.684883361387002
0.466049527337939
0.000000000000000
0.000000000000000
0.679081094889565
0.761196924268579
0.572002715242530
0.000000000000000
0.000000000000000
0.748302543614745
0.658781915865192
0.433730383897354
0.000000000000000
0.000000000000000
0.695180000026883
0.743045446215671
0.545191421560611
0.000000000000000
0.000000000000000
0.616734437647808
0.815823376057399
0.659031216847943
0.000000000000000
0.000000000000000
0.765270540704616
0.608756488847038
0.376985044278430
0.000000000000000
0.000000000000000
0.734521814003625
0.686148587710450
0.467665079394227
0.000000000000000
0.000000000000000
0.678178847986539
0.762151894320878
0.573441995566012
0.000000000000000
0.000000000000000
0.747742291416053
0.660028663990427
0.435230888273849
0.000000000000000
0.000000000000000
0.694381739355360
0.743999225484073
0.546574594304129
0.000000000000000
0.000000000000000
0.616144588837025
0.816252096667232
0.659752297236641
0.000000000000000
0.000000000000000
0.764915248403514
0.610321543777742
0.378659675249535
0.000000000000000
0.000000000000000
0.733815223690737
0.687402249065338
0.469270390657953
0.000000000000000
0.000000000000000
0.677276265722912
0.763101147273434
0.574875522390817
0.000000000000000
0.000000000000000
0.747185503365590
0.661253783115262
0.436709538755602
0.000000000000000
0.000000000000000
0.693593039425462
0.744935655233853
0.547935356886779
0.000000000000000
0.000000000000000
0.615574234142787
0.816665386227338
0.660447984239652
0.000000000000000
0.000000000000000
0.764551372179932
0.611869836728674
0.380322697802778
0.000000000000000
0.000000000000000
0.733108455777140
0.688644449424133
0.470865478497759
0.000000000000000
0.000000000000000
0.676373462621733
0.764044630475761
0.576303166867745
0.000000000000000
0.000000000000000
0.746632116697126
0.662458123037297
0.438167152927614
0.000000000000000
0.000000000000000
0.692813626230880
0.745855345036877
0.549274449184950
0.000000000000000
0.000000000000000
0.615023009391910
0.817063640692074
0.661118883371025
0.000000000000000
0.000000000000000
0.764179447573060
0.613401529783861
0.381974085534882
0.000000000000000
0.000000000000000
0.732401608683105
0.689875296428170
0.472450367189380
0.000000000000000
0.000000000000000
0.675470548193356
0.764982298110940
0.577724810074066
0.000000000000000
0.000000000000000
0.746082069080170
0.663642481973125
0.439604500019527
0.000000000000000
0.000000000000000
0.692043238060788
0.746758872877115
0.550592574266074
0.000000000000000
0.000000000000000
0.614490568720814
0.817447234307107
0.661765567811704
0.000000000000000
0.000000000000000
0.763799976645266
0.614916798626253
0.383613832060733
0.000000000000000
0.000000000000000
0.731694775345209
0.691094900851349
0.474025087266927
0.000000000000000
0.000000000000000
0.674567627135939
0.765914110781541
0.579140342496343
0.000000000000000
0.000000000000000
0.745535298823689
0.664807610714338
0.441022304723939
0.000000000000000
0.000000000000000
0.691281624754628
0.747646787301336
0.551890400821648
0.000000000000000
0.000000000000000
0.613976583635385
0.817816520874224
0.662388580223579
0.000000000000000
0.000000000000000
0.763413430183868
0.616415830155931
0.385241948522712
0.000000000000000
0.000000000000000
0.730988043513975
0.692303376114713
0.475589674927623
0.000000000000000
0.000000000000000
0.673664799528865
0.766840035117071
0.580549663537224
0.000000000000000
0.000000000000000
0.744991745038072
0.665954216370150
0.442421250641217
0.000000000000000
0.000000000000000
0.690528547013403
0.748519609389398
0.553168565400784
0.000000000000000
0.000000000000000
0.613480742140018
0.818171834916587
0.662988434423870
0.000000000000000
0.000000000000000
0.763020249769481
0.617898820418781
0.386858461387938
0.000000000000000
0.000000000000000
0.730281496035291
0.693500837847304
0.477144171485572
0.000000000000000
0.000000000000000
0.672762161019203
0.767760043402008
0.581952681045310
0.000000000000000
0.000000000000000
0.744451347762583
0.667082965745260
0.443801983394090
0.000000000000000
0.000000000000000
0.689783775762363
0.749377834562029
0.554427674463746
0.000000000000000
0.000000000000000
0.613002747930184
0.818513492753214
0.663565616931902
0.000000000000000
0.000000000000000
0.762620849714433
0.619365972806011
0.388463410499285
0.000000000000000
0.000000000000000
0.729575211116402
0.694687403489153
0.478688622870506
0.000000000000000
0.000000000000000
0.671859803001351
0.768674113223543
0.583349310867244
0.000000000000000
0.000000000000000
0.000000000000000
0.000000000000000
0.000000000000000
0.367365216809683
0.000000000000000
0.000000000000000
0.000000000000000
0.000000000000000
0.526160304277570
0.000000000000000
0.000000000000000
0.000000000000000
0.000000000000000
0.712329348928067
0.000000000000000
0.000000000000000
0.000000000000000
0.000000000000000
0.313515459094690
0.000000000000000
0.000000000000000
0.000000000000000
0.000000000000000
0.411693317607142
0.000000000000000
0.000000000000000
0.000000000000000
0.000000000000000
0.575084015774339
0.000000000000000
0.000000000000000
0.000000000000000
0.000000000000000
0.368939700615155
0.000000000000000
0.000000000000000
0.000000000000000
0.000000000000000
0.528178616995432
0.000000000000000
0.000000000000000
0.000000000000000
0.000000000000000
0.713235069360378
0.000000000000000
0.000000000000000
0.000000000000000
0.000000000000000
0.314726794252720
0.000000000000000
0.000000000000000
0.000000000000000
0.000000000000000
0.413767944250214
0.000000000000000
0.000000000000000
0.000000000000000
0.000000000000000
0.577453447155676
0.000000000000000
0.000000000000000
0.000000000000000
0.000000000000000
0.370505524025746
0.000000000000000
0.000000000000000
0.000000000000000
0.000000000000000
0.530172071967484
0.000000000000000
0.000000000000000
0.000000000000000
0.000000000000000
0.714103968890952
0.000000000000000
0.000000000000000
0.000000000000000
0.000000000000000
0.315952400106645
0.000000000000000
0.000000000000000
0.000000000000000
0.000000000000000
0.415840423414493
0.000000000000000
0.000000000000000
0.000000000000000
0.000000000000000
0.579814481858422
0.000000000000000
0.000000000000000
0.000000000000000
0.000000000000000
0.372062833616408
0.000000000000000
0.000000000000000
0.000000000000000
0.000000000000000
0.532141277318457
0.000000000000000
0.000000000000000
0.000000000000000
0.000000000000000
0.714936769666319
0.000000000000000
0.000000000000000
0.000000000000000
0.000000000000000
0.317191428523867
0.000000000000000
0.000000000000000
0.000000000000000
0.000000000000000
0.417910522974748
0.000000000000000
0.000000000000000
0.000000000000000
0.000000000000000
0.582166876258728
0.000000000000000
0.000000000000000
0.000000000000000
0.000000000000000
0.373611772301627
0.000000000000000
0.000000000000000
0.000000000000000
0.000000000000000
0.534086817969142
0.000000000000000
0.000000000000000
0.000000000000000
0.000000000000000
0.715734155228337
0.000000000000000
0.000000000000000
0.000000000000000
0.000000000000000
0.318443080466146
0.000000000000000
0.000000000000000
0.000000000000000
0.000000000000000
0.419978021515937
0.000000000000000
0.000000000000000
0.000000000000000
0.000000000000000
0.584510399401594
0.000000000000000
0.000000000000000
0.000000000000000
0.000000000000000
0.375152479343482
0.000000000000000
0.000000000000000
0.000000000000000
0.000000000000000
0.536009256845150
0.000000000000000
0.000000000000000
0.000000000000000
0.000000000000000
0.716496772236068
0.000000000000000
0.000000000000000
0.000000000000000
0.000000000000000
0.319706602722050
0.000000000000000
0.000000000000000
0.000000000000000
0.000000000000000
0.422042707828332
0.000000000000000
0.000000000000000
0.000000000000000
0.000000000000000
0.586844832528085
0.000000000000000
0.000000000000000
0.000000000000000
0.000000000000000
0.376685090378283
0.000000000000000
0.000000000000000
0.000000000000000
0.000000000000000
0.537909136006135
0.000000000000000
0.000000000000000
0.000000000000000
0.000000000000000
0.717225232065744
0.000000000000000
0.000000000000000
0.000000000000000
0.000000000000000
0.320981284874311
0.000000000000000
0.000000000000000
0.000000000000000
0.000000000000000
0.424104380429103
0.000000000000000
0.000000000000000
0.000000000000000
0.000000000000000
0.589169968618418
0.000000000000000
0.000000000000000
0.000000000000000
0.000000000000000
0.378209737458115
0.000000000000000
0.000000000000000
0.000000000000000
0.000000000000000
0.539786977701753
0.000000000000000
0.000000000000000
0.000000000000000
0.000000000000000
0.717920112297490
0.000000000000000
0.000000000000000
0.000000000000000
0.000000000000000
0.322266456485506
0.000000000000000
0.000000000000000
0.000000000000000
0.000000000000000
0.426162847108906
0.000000000000000
0.000000000000000
0.000000000000000
0.000000000000000
0.591485611950545
0.000000000000000
0.000000000000000
0.000000000000000
0.000000000000000
0.379726549104208
0.000000000000000
0.000000000000000
0.000000000000000
0.000000000000000
0.541643285360100
0.000000000000000
0.000000000000000
0.000000000000000
0.000000000000000
0.718581958096661
0.000000000000000
0.000000000000000
0.000000000000000
0.000000000000000
0.323561484486319
0.000000000000000
0.000000000000000
0.000000000000000
0.000000000000000
0.428217924502132
0.000000000000000
0.000000000000000
0.000000000000000
0.000000000000000
0.593791577673806
0.000000000000000
0.000000000000000
0.000000000000000
0.000000000000000
0.381235650369620
0.000000000000000
0.000000000000000
0.000000000000000
0.000000000000000
0.543478544513808
0.000000000000000
0.000000000000000
0.000000000000000
0.000000000000000
0.719211283496968
0.000000000000000
0.000000000000000
0.000000000000000
0.000000000000000
0.324865770751624
0.000000000000000
0.000000000000000
0.000000000000000
0.000000000000000
0.430269437679490
0.000000000000000
0.000000000000000
0.000000000000000
0.000000000000000
0.596087691397271
0.000000000000000
0.000000000000000
0.000000000000000
0.000000000000000
0.382737162909099
0.000000000000000
0.000000000000000
0.000000000000000
0.000000000000000
0.545293223668536
0.000000000000000
0.000000000000000
0.000000000000000
0.000000000000000
0.719808572591912
0.000000000000000
0.000000000000000
0.000000000000000
0.000000000000000
0.326178749850496
0.000000000000000
0.000000000000000
0.000000000000000
0.000000000000000
0.432317219761722
0.000000000000000
0.000000000000000
0.000000000000000
0.000000000000000
0.598373788792353
0.000000000000000
0.000000000000000
0.000000000000000
0.000000000000000
0.384231205054386
0.000000000000000
0.000000000000000
0.000000000000000
0.000000000000000
0.547087775118175
0.000000000000000
0.000000000000000
0.000000000000000
0.000000000000000
0.720374280640463
0.000000000000000
0.000000000000000
0.000000000000000
0.000000000000000
0.327499886957230
0.000000000000000
0.000000000000000
0.000000000000000
0.000000000000000
0.434361111553267
0.000000000000000
0.000000000000000
0.000000000000000
0.000000000000000
0.600649715209275
0.000000000000000
0.000000000000000
0.000000000000000
0.000000000000000
0.385717891893519
0.000000000000000
0.000000000000000
0.000000000000000
0.000000000000000
0.548862635710691
0.000000000000000
0.000000000000000
0.000000000000000
0.000000000000000
0.720908835092375
0.000000000000000
0.000000000000000
0.000000000000000
0.000000000000000
0.328828675911292
0.000000000000000
0.000000000000000
0.000000000000000
0.000000000000000
0.436400961194766
0.000000000000000
0.000000000000000
0.000000000000000
0.000000000000000
0.602915325306990
0.000000000000000
0.000000000000000
0.000000000000000
0.000000000000000
0.387197335352918
0.000000000000000
0.000000000000000
0.000000000000000
0.000000000000000
0.550618227568233
0.000000000000000
0.000000000000000
0.000000000000000
0.000000000000000
0.721412636538086
0.000000000000000
0.000000000000000
0.000000000000000
0.000000000000000
0.330164637415029
0.000000000000000
0.000000000000000
0.000000000000000
0.000000000000000
0.438436623833379
0.000000000000000
0.000000000000000
0.000000000000000
0.000000000000000
0.605170482696150
0.000000000000000
0.000000000000000
0.000000000000000
0.000000000000000
0.388669644281280
0.000000000000000
0.000000000000000
0.000000000000000
0.000000000000000
0.552354958764755
0.000000000000000
0.000000000000000
0.000000000000000
0.000000000000000
0.721886059587656
0.000000000000000
0.000000000000000
0.000000000000000
0.000000000000000
0.331507317358734
0.000000000000000
0.000000000000000
0.000000000000000
0.000000000000000
0.440467961309916
0.000000000000000
0.000000000000000
0.000000000000000
0.000000000000000
0.607415059594715
0.000000000000000
0.000000000000000
0.000000000000000
0.000000000000000
0.390134924534454
0.000000000000000
0.000000000000000
0.000000000000000
0.000000000000000
0.554073223964213
0.000000000000000
0.000000000000000
0.000000000000000
0.000000000000000
0.722329453682844
0.000000000000000
0.000000000000000
0.000000000000000
0.000000000000000
0.332856285263459
0.000000000000000
0.000000000000000
0.000000000000000
0.000000000000000
0.442494841861854
0.000000000000000
0.000000000000000
0.000000000000000
0.000000000000000
0.609648936495805
0.000000000000000
0.000000000000000
0.000000000000000
0.000000000000000
0.391593279060642
0.000000000000000
0.000000000000000
0.000000000000000
0.000000000000000
0.555773405022076
0.000000000000000
0.000000000000000
0.000000000000000
0.000000000000000
0.722743143846015
0.000000000000000
0.000000000000000
0.000000000000000
0.000000000000000
0.334211132832700
0.000000000000000
0.000000000000000
0.000000000000000
0.000000000000000
0.444517139841352
0.000000000000000
0.000000000000000
0.000000000000000
0.000000000000000
0.611872001847412
0.000000000000000
0.000000000000000
0.000000000000000
0.000000000000000
0.393044807985367
0.000000000000000
0.000000000000000
0.000000000000000
0.000000000000000
0.557455871552697
0.000000000000000
0.000000000000000
0.000000000000000
0.000000000000000
0.723127431369254
0.000000000000000
0.000000000000000
0.000000000000000
0.000000000000000
0.335571472604724
0.000000000000000
0.000000000000000
0.000000000000000
0.000000000000000
0.446534735447449
0.000000000000000
0.000000000000000
0.000000000000000
0.000000000000000
0.614084151743576
0.000000000000000
0.000000000000000
0.000000000000000
0.000000000000000
0.394489608695766
0.000000000000000
0.000000000000000
0.000000000000000
0.000000000000000
0.559120981464891
0.000000000000000
0.000000000000000
0.000000000000000
0.000000000000000
0.723482594446748
0.000000000000000
0.000000000000000
0.000000000000000
0.000000000000000
0.336936936697978
0.000000000000000
0.000000000000000
0.000000000000000
0.000000000000000
0.448547514471644
0.000000000000000
0.000000000000000
0.000000000000000
0.000000000000000
0.616285289626650
0.000000000000000
0.000000000000000
0.000000000000000
0.000000000000000
0.395927775923855
0.000000000000000
0.000000000000000
0.000000000000000
0.000000000000000
0.560769081467851
0.000000000000000
0.000000000000000
0.000000000000000
0.000000000000000
0.723808888753182
0.000000000000000
0.000000000000000
0.000000000000000
0.000000000000000
0.338307175642575
0.000000000000000
0.000000000000000
0.000000000000000
0.000000000000000
0.450555368056132
0.000000000000000
0.000000000000000
0.000000000000000
0.000000000000000
0.618475326000301
0.000000000000000
0.000000000000000
0.000000000000000
0.000000000000000
0.397359401828482
0.000000000000000
0.000000000000000
0.000000000000000
0.000000000000000
0.562400507549397
0.000000000000000
0.000000000000000
0.000000000000000
0.000000000000000
0.724106547970668
0.000000000000000
0.000000000000000
0.000000000000000
0.000000000000000
0.339681857291414
0.000000000000000
0.000000000000000
0.000000000000000
0.000000000000000
0.452558192463991
0.000000000000000
0.000000000000000
0.000000000000000
0.000000000000000
0.620654178152854
0.000000000000000
0.000000000000000
0.000000000000000
0.000000000000000
0.398784576075731
0.000000000000000
0.000000000000000
0.000000000000000
0.000000000000000
0.564015585428374
0.000000000000000
0.000000000000000
0.000000000000000
0.000000000000000
0.724375784266447
0.000000000000000
0.000000000000000
0.000000000000000
0.000000000000000
0.341060665805001
0.000000000000000
0.000000000000000
0.000000000000000
0.000000000000000
0.454555888860671
0.000000000000000
0.000000000000000
0.000000000000000
0.000000000000000
0.622821769890651
0.000000000000000
0.000000000000000
0.000000000000000
0.000000000000000
0.400203385917616
0.000000000000000
0.000000000000000
0.000000000000000
0.000000000000000
0.565614630982887
0.000000000000000
0.000000000000000
0.000000000000000
0.000000000000000
0.724616788723374
0.000000000000000
0.000000000000000
0.000000000000000
0.000000000000000
0.342443300704478
0.000000000000000
0.000000000000000
0.000000000000000
0.000000000000000
0.456548363106159
0.000000000000000
0.000000000000000
0.000000000000000
0.000000000000000
0.624978031281088
0.000000000000000
0.000000000000000
0.000000000000000
0.000000000000000
0.401615916268918
0.000000000000000
0.000000000000000
0.000000000000000
0.000000000000000
0.567197950655931
0.000000000000000
0.000000000000000
0.000000000000000
0.000000000000000
0.724829731724998
0.000000000000000
0.000000000000000
0.000000000000000
0.000000000000000
0.343829475987826
0.000000000000000
0.000000000000000
0.000000000000000
0.000000000000000
0.458535525557244
0.000000000000000
0.000000000000000
0.000000000000000
0.000000000000000
0.627122898404958
0.000000000000000
0.000000000000000
0.000000000000000
0.000000000000000
0.403022249782083
0.000000000000000
0.000000000000000
0.000000000000000
0.000000000000000
0.568765841839857
0.000000000000000
0.000000000000000
0.000000000000000
0.000000000000000
0.725014763296817
0.000000000000000
0.000000000000000
0.000000000000000
0.000000000000000
0.345218919304581
0.000000000000000
0.000000000000000
0.000000000000000
0.000000000000000
0.460517290879322
0.000000000000000
0.000000000000000
0.000000000000000
0.000000000000000
0.629256313117824
0.000000000000000
0.000000000000000
0.000000000000000
0.000000000000000
0.404422466920098
0.000000000000000
0.000000000000000
0.000000000000000
0.000000000000000
0.570318593240998
0.000000000000000
0.000000000000000
0.000000000000000
0.000000000000000
0.725172013405118
0.000000000000000
0.000000000000000
0.000000000000000
0.000000000000000
0.346611371184790
0.000000000000000
0.000000000000000
0.000000000000000
0.000000000000000
0.462493577867236
0.000000000000000
0.000000000000000
0.000000000000000
0.000000000000000
0.631378222820060
0.000000000000000
0.000000000000000
0.000000000000000
0.000000000000000
0.405816646027309
0.000000000000000
0.000000000000000
0.000000000000000
0.000000000000000
0.571856485225700
0.000000000000000
0.000000000000000
0.000000000000000
0.000000000000000
0.725301592214616
0.000000000000000
0.000000000000000
0.000000000000000
0.000000000000000
0.348006584318237
0.000000000000000
0.000000000000000
0.000000000000000
0.000000000000000
0.464464309274660
0.000000000000000
0.000000000000000
0.000000000000000
0.000000000000000
0.633488580235297
0.000000000000000
0.000000000000000
0.000000000000000
0.000000000000000
0.407204863398154
0.000000000000000
0.000000000000000
0.000000000000000
0.000000000000000
0.573379790148901
0.000000000000000
0.000000000000000
0.000000000000000
0.000000000000000
0.725403590305933
0.000000000000000
0.000000000000000
0.000000000000000
0.000000000000000
0.349404322880311
0.000000000000000
0.000000000000000
0.000000000000000
0.000000000000000
0.466429411651555
0.000000000000000
0.000000000000000
0.000000000000000
0.000000000000000
0.635587343196930
0.000000000000000
0.000000000000000
0.000000000000000
0.000000000000000
0.408587193343809
0.000000000000000
0.000000000000000
0.000000000000000
0.000000000000000
0.574888772666313
0.000000000000000
0.000000000000000
0.000000000000000
0.000000000000000
0.725478078853792
0.000000000000000
0.000000000000000
0.000000000000000
0.000000000000000
0.350804361901159
0.000000000000000
0.000000000000000
0.000000000000000
0.000000000000000
0.468388815189281
0.000000000000000
0.000000000000000
0.000000000000000
0.000000000000000
0.637674474442450
0.000000000000000
0.000000000000000
0.000000000000000
0.000000000000000
0.409963708256740
0.000000000000000
0.000000000000000
0.000000000000000
0.000000000000000
0.576383690031201
0.000000000000000
0.000000000000000
0.000000000000000
0.000000000000000
0.725525109766644
0.000000000000000
0.000000000000000
0.000000000000000
0.000000000000000
0.352206486675013
0.000000000000000
0.000000000000000
0.000000000000000
0.000000000000000
0.470342453572954
0.000000000000000
0.000000000000000
0.000000000000000
0.000000000000000
0.639749941415268
0.000000000000000
0.000000000000000
0.000000000000000
0.000000000000000
0.411334478673196
0.000000000000000
0.000000000000000
0.000000000000000
0.000000000000000
0.577864792376681
0.000000000000000
0.000000000000000
0.000000000000000
0.000000000000000
0.725544715788276
0.000000000000000
0.000000000000000
0.000000000000000
0.000000000000000
0.353610492206844
0.000000000000000
0.000000000000000
0.000000000000000
0.000000000000000
0.472290263840647
0.000000000000000
0.000000000000000
0.000000000000000
0.000000000000000
0.641813716073809
0.000000000000000
0.000000000000000
0.000000000000000
0.000000000000000
0.412699573333657
0.000000000000000
0.000000000000000
0.000000000000000
0.000000000000000
0.579332322984376
0.000000000000000
0.000000000000000
0.000000000000000
0.000000000000000
0.725536910561816
0.000000000000000
0.000000000000000
0.000000000000000
0.000000000000000
0.355016182693704
0.000000000000000
0.000000000000000
0.000000000000000
0.000000000000000
0.474232186249100
0.000000000000000
0.000000000000000
0.000000000000000
0.000000000000000
0.643865774707583
0.000000000000000
0.000000000000000
0.000000000000000
0.000000000000000
0.414059059241273
0.000000000000000
0.000000000000000
0.000000000000000
0.000000000000000
0.580786518540238
0.000000000000000
0.000000000000000
0.000000000000000
0.000000000000000
0.725501688656378
0.000000000000000
0.000000000000000
0.000000000000000
0.000000000000000
0.356423371038320
0.000000000000000
0.000000000000000
0.000000000000000
0.000000000000000
0.476168164145569
0.000000000000000
0.000000000000000
0.000000000000000
0.000000000000000
0.645906097759994
0.000000000000000
0.000000000000000
0.000000000000000
0.000000000000000
0.415413001718336
0.000000000000000
0.000000000000000
0.000000000000000
0.000000000000000
0.582227609378277
0.000000000000000
0.000000000000000
0.000000000000000
0.000000000000000
0.725439025556452
0.000000000000000
0.000000000000000
0.000000000000000
0.000000000000000
0.357831878392684
0.000000000000000
0.000000000000000
0.000000000000000
0.000000000000000
0.478098143845513
0.000000000000000
0.000000000000000
0.000000000000000
0.000000000000000
0.647934669657640
0.000000000000000
0.000000000000000
0.000000000000000
0.000000000000000
0.416761464460824
0.000000000000000
0.000000000000000
0.000000000000000
0.000000000000000
0.583655819712874
0.000000000000000
0.000000000000000
0.000000000000000
0.000000000000000
0.725348877614012
0.000000000000000
0.000000000000000
0.000000000000000
0.000000000000000
0.359241533729577
0.000000000000000
0.000000000000000
0.000000000000000
0.000000000000000
0.480022074515812
0.000000000000000
0.000000000000000
0.000000000000000
0.000000000000000
0.649951478645869
0.000000000000000
0.000000000000000
0.000000000000000
0.000000000000000
0.418104509591076
0.000000000000000
0.000000000000000
0.000000000000000
0.000000000000000
0.585071367860340
0.000000000000000
0.000000000000000
0.000000000000000
0.000000000000000
0.725231181963134
0.000000000000000
0.000000000000000
0.000000000000000
0.000000000000000
0.360652173440091
0.000000000000000
0.000000000000000
0.000000000000000
0.000000000000000
0.481939908063215
0.000000000000000
0.000000000000000
0.000000000000000
0.000000000000000
0.651956516630367