0.10845817819890849
0.09271224920123480
0.08517831832768076
0.27193743915300200
0.03617718995995931
0.25543133864397322
0.00920107689746964
0.13012410293139487
0.00118024494188381
0.00959986174449303
0.01386865348075334
0.02702643195654266
0.01694392002881590
0.11822937913501461
0.01483383716811822
0.30578934861539714
0.01385631287810124
0.39677478101950969
0.00500252779919560
0.08767480791855155
0.10845817819890849
0.09271224920123480
0.08517831832768076
0.27193743915300200
0.03617718995995931
0.25543133864397322
0.00920107689746964
0.13012410293139487
0.00118024494188381
0.00959986174449303
0.01386865348075334
0.02702643195654266
0.01694392002881590
0.11822937913501461
0.01483383716811822
0.30578934861539714
0.01385631287810124
0.39677478101950969
0.00500252779919560
0.08767480791855155
0.10845817819890849
0.09271224920123480
0.08517831832768076
0.27193743915300200
0.03617718995995931
0.25543133864397322
0.00920107689746964
0.13012410293139487
0.00118024494188381
0.00959986174449303
0.01386865348075334
0.02702643195654266
0.01694392002881590
0.11822937913501461
0.01483383716811822
0.30578934861539714
0.01385631287810124
0.39677478101950969
0.00500252779919560
0.08767480791855155
0.10845817819890849
0.09271224920123480
0.08517831832768076
0.27193743915300200
0.03617718995995931
0.25543133864397322
0.00920107689746964
0.13012410293139487
0.00118024494188381
0.00959986174449303
0.01386865348075334
0.02702643195654266
0.01694392002881590
0.11822937913501461
0.01483383716811822
0.30578934861539714
0.01385631287810124
0.39677478101950969
0.00500252779919560
0.08767480791855155
0.10845817819890849
0.09271224920123480
0.08517831832768076
0.27193743915300200
0.03617718995995931
0.25543133864397322
0.00920107689746964
0.13012410293139487
0.00118024494188381
0.00959986174449303
0.01386865348075334
0.02702643195654266
0.01694392002881590
0.11822937913501461
0.01483383716811822
0.30578934861539714
0.01385631287810124
0.39677478101950969
0.00500252779919560
0.08767480791855155
0.10845817819890849
0.09271224920123480
0.08517831832768076
0.27193743915300200
0.03617718995995931
0.25543133864397322
0.00920107689746964
0.13012410293139487
0.00118024494188381
0.00959986174449303
0.01386865348075334
0.02702643195654266
0.01694392002881590
0.11822937913501461
0.01483383716811822
0.30578934861539714
0.01385631287810124
0.39677478101950969
0.00500252779919560
0.08767480791855155
0.10845817819890849
0.09271224920123480
0.08517831832768076
0.27193743915300200
0.03617718995995931
0.25543133864397322
0.00920107689746964
0.13012410293139487
0.00118024494188381
0.00959986174449303
0.01386865348075334
0.02702643195654266
0.01694392002881590
0.11822937913501461
0.01483383716811822
0.30578934861539714
0.01385631287810124
0.39677478101950969
0.00500252779919560
0.08767480791855155
0.10845817819890849
0.09271224920123480
0.08517831832768076
0.27193743915300200
0.03617718995995931
0.25543133864397322
0.00920107689746964
0.13012410293139487
0.00118024494188381
0.00959986174449303
0.01386865348075334
0.02702643195654266
0.01694392002881590
0.11822937913501461
0.01483383716811822
0.30578934861539714
0.01385631287810124
0.39677478101950969
0.00500252779919560
0.08767480791855155
0.10845817819890849
0.09271224920123480
0.08517831832768076
0.27193743915300200
0.03617718995995931
0.25543133864397322
0.00920107689746964
0.13012410293139487
0.00118024494188381
0.00959986174449303
0.01386865348075334
0.02702643195654266
0.01694392002881590
0.11822937913501461
0.01483383716811822
0.30578934861539714
0.01385631287810124
0.39677478101950969
0.00500252779919560
0.08767480791855155
0.10845817819890849
0.09271224920123480
0.08517831832768076
0.27193743915300200
0.03617718995995931
0.25543133864397322
0.00920107689746964
0.13012410293139487
0.00118024494188381
0.00959986174449303
0.01386865348075334
0.02702643195654266
0.01694392002881590
0.11822937913501461
0.01483383716811822
0.30578934861539714
0.01385631287810124
0.39677478101950969
0.00500252779919560
0.08767480791855155
0.06140825884576211
0.07511468011761493
0.07360294401008666
0.21929533199559165
0.04758455874319211
0.30280338851096184
0.02111719753194108
0.17247159889900962
0.00384969458096139
0.02275234676487860
0.01831899775994646
0.02537516684991640
0.02334888635725466
0.07179248678789085
0.02830014680814543
0.24635712902462001
0.03032543670441550
0.36846813142404350
0.01372018623947450
0.17399343204429257
0.06140825884576211
0.07511468011761493
0.07360294401008666
0.21929533199559165
0.04758455874319211
0.30280338851096184
0.02111719753194108
0.17247159889900962
0.00384969458096139
0.02275234676487860
0.01831899775994646
0.02537516684991640
0.02334888635725466
0.07179248678789085
0.02830014680814543
0.24635712902462001
0.03032543670441550
0.36846813142404350
0.01372018623947450
0.17399343204429257
0.06140825884576211
0.07511468011761493
0.07360294401008666
0.21929533199559165
0.04758455874319211
0.30280338851096184
0.02111719753194108
0.17247159889900962
0.00384969458096139
0.02275234676487860
0.01831899775994646
0.02537516684991640
0.02334888635725466
0.07179248678789085
0.02830014680814543
0.24635712902462001
0.03032543670441550
0.36846813142404350
0.01372018623947450
0.17399343204429257
0.06140825884576211
0.07511468011761493
0.07360294401008666
0.21929533199559165
0.04758455874319211
0.30280338851096184
0.02111719753194108
0.17247159889900962
0.00384969458096139
0.02275234676487860
0.01831899775994646
0.02537516684991640
0.02334888635725466
0.07179248678789085
0.02830014680814543
0.24635712902462001
0.03032543670441550
0.36846813142404350
0.01372018623947450
0.17399343204429257
0.06140825884576211
0.07511468011761493
0.07360294401008666
0.21929533199559165
0.04758455874319211
0.30280338851096184
0.02111719753194108
0.17247159889900962
0.00384969458096139
0.02275234676487860
0.01831899775994646
0.02537516684991640
0.02334888635725466
0.07179248678789085
0.02830014680814543
0.24635712902462001
0.03032543670441550
0.36846813142404350
0.01372018623947450
0.17399343204429257
0.06140825884576211
0.07511468011761493
0.07360294401008666
0.21929533199559165
0.04758455874319211
0.30280338851096184
0.02111719753194108
0.17247159889900962
0.00384969458096139
0.02275234676487860
0.01831899775994646
0.02537516684991640
0.02334888635725466
0.07179248678789085
0.02830014680814543
0.24635712902462001
0.03032543670441550
0.36846813142404350
0.01372018623947450
0.17399343204429257
0.06140825884576211
0.07511468011761493
0.07360294401008666
0.21929533199559165
0.04758455874319211
0.30280338851096184
0.02111719753194108
0.17247159889900962
0.00384969458096139
0.02275234676487860
0.01831899775994646
0.02537516684991640
0.02334888635725466
0.07179248678789085
0.02830014680814543
0.24635712902462001
0.03032543670441550
0.36846813142404350
0.01372018623947450
0.17399343204429257
0.06140825884576211
0.07511468011761493
0.07360294401008666
0.21929533199559165
0.04758455874319211
0.30280338851096184
0.02111719753194108
0.17247159889900962
0.00384969458096139
0.02275234676487860
0.01831899775994646
0.02537516684991640
0.02334888635725466
0.07179248678789085
0.02830014680814543
0.24635712902462001
0.03032543670441550
0.36846813142404350
0.01372018623947450
0.17399343204429257
0.06140825884576211
0.07511468011761493
0.07360294401008666
0.21929533199559165
0.04758455874319211
0.30280338851096184
0.02111719753194108
0.17247159889900962
0.00384969458096139
0.02275234676487860
0.01831899775994646
0.02537516684991640
0.02334888635725466
0.07179248678789085
0.02830014680814543
0.24635712902462001
0.03032543670441550
0.36846813142404350
0.01372018623947450
0.17399343204429257
0.06140825884576211
0.07511468011761493
0.07360294401008666
0.21929533199559165
0.04758455874319211
0.30280338851096184
0.02111719753194108
0.17247159889900962
0.00384969458096139
0.02275234676487860
0.01831899775994646
0.02537516684991640
0.02334888635725466
0.07179248678789085
0.02830014680814543
0.24635712902462001
0.03032543670441550
0.36846813142404350
0.01372018623947450
0.17399343204429257
0.04039375267792922
0.07056213407755424
0.04762542518391779
0.22604348301687038
0.02848052136324035
0.30125547951544873
0.01399278982222038
0.23451352982989737
0.00417881205021435
0.03295407246270711
0.00887358592128325
0.02008906155103509
0.01777699358272366
0.07106926438734511
0.01499753718325710
0.21715297730952110
0.02183865488121429
0.44124229340541260
0.00528384262401895
0.18167578915418880
0.04039375267792922
0.07056213407755424
0.04762542518391779
0.22604348301687038
0.02848052136324035
0.30125547951544873
0.01399278982222038
0.23451352982989737
0.00417881205021435
0.03295407246270711
0.00887358592128325
0.02008906155103509
0.01777699358272366
0.07106926438734511
0.01499753718325710
0.21715297730952110
0.02183865488121429
0.44124229340541260
0.00528384262401895
0.18167578915418880
0.04039375267792922
0.07056213407755424
0.04762542518391779
0.22604348301687038
0.02848052136324035
0.30125547951544873
0.01399278982222038
0.23451352982989737
0.00417881205021435
0.03295407246270711
0.00887358592128325
0.02008906155103509
0.01777699358272366
0.07106926438734511
0.01499753718325710
0.21715297730952110
0.02183865488121429
0.44124229340541260
0.00528384262401895
0.18167578915418880
0.04039375267792922
0.07056213407755424
0.04762542518391779
0.22604348301687038
0.02848052136324035
0.30125547951544873
0.01399278982222038
0.23451352982989737
0.00417881205021435
0.03295407246270711
0.00887358592128325
0.02008906155103509
0.01777699358272366
0.07106926438734511
0.01499753718325710
0.21715297730952110
0.02183865488121429
0.44124229340541260
0.00528384262401895
0.18167578915418880
0.04039375267792922
0.07056213407755424
0.04762542518391779
0.22604348301687038
0.02848052136324035
0.30125547951544873
0.01399278982222038
0.23451352982989737
0.00417881205021435
0.03295407246270711
0.00887358592128325
0.02008906155103509
0.01777699358272366
0.07106926438734511
0.01499753718325710
0.21715297730952110
0.02183865488121429
0.44124229340541260
0.00528384262401895
0.18167578915418880
0.04039375267792922
0.07056213407755424
0.04762542518391779
0.22604348301687038
0.02848052136324035
0.30125547951544873
0.01399278982222038
0.23451352982989737
0.00417881205021435
0.03295407246270711
0.00887358592128325
0.02008906155103509
0.01777699358272366
0.07106926438734511
0.01499753718325710
0.21715297730952110
0.02183865488121429
0.44124229340541260
0.00528384262401895
0.18167578915418880
0.04039375267792922
0.07056213407755424
0.04762542518391779
0.22604348301687038
0.02848052136324035
0.30125547951544873
0.01399278982222038
0.23451352982989737
0.00417881205021435
0.03295407246270711
0.00887358592128325
0.02008906155103509
0.01777699358272366
0.07106926438734511
0.01499753718325710
0.21715297730952110
0.02183865488121429
0.44124229340541260
0.00528384262401895
0.18167578915418880
0.04039375267792922
0.07056213407755424
0.04762542518391779
0.22604348301687038
0.02848052136324035
0.30125547951544873
0.01399278982222038
0.23451352982989737
0.00417881205021435
0.03295407246270711
0.00887358592128325
0.02008906155103509
0.01777699358272366
0.07106926438734511
0.01499753718325710
0.21715297730952110
0.02183865488121429
0.44124229340541260
0.00528384262401895
0.18167578915418880
0.04039375267792922
0.07056213407755424
0.04762542518391779
0.22604348301687038
0.02848052136324035
0.30125547951544873
0.01399278982222038
0.23451352982989737
0.00417881205021435
0.03295407246270711
0.00887358592128325
0.02008906155103509
0.01777699358272366
0.07106926438734511
0.01499753718325710
0.21715297730952110
0.02183865488121429
0.44124229340541260
0.00528384262401895
0.18167578915418880
0.04039375267792922
0.07056213407755424
0.04762542518391779
0.22604348301687038
0.02848052136324035
0.30125547951544873
0.01399278982222038
0.23451352982989737
0.00417881205021435
0.03295407246270711
0.00887358592128325
0.02008906155103509
0.01777699358272366
0.07106926438734511
0.01499753718325710
0.21715297730952110
0.02183865488121429
0.44124229340541260
0.00528384262401895
0.18167578915418880
0.05229052238617386
0.07571963884982823
0.04529906531638027
0.21898718448716459
0.02702496458435573
0.27996278117100526
0.01470859624362053
0.24596211195250312
0.00438187308876279
0.03566326192020564
0.01998963245142959
0.02813639519191456
0.02070889997828197
0.08257905023168434
0.02130018091108718
0.19138293613842505
0.02122624621729202
0.41882020933170089
0.00725926128816948
0.18859718826001479
0.05229052238617386
0.07571963884982823
0.04529906531638027
0.21898718448716459
0.02702496458435573
0.27996278117100526
0.01470859624362053
0.24596211195250312
0.00438187308876279
0.03566326192020564
0.01998963245142959
0.02813639519191456
0.02070889997828197
0.08257905023168434
0.02130018091108718
0.19138293613842505
0.02122624621729202
0.41882020933170089
0.00725926128816948
0.18859718826001479
0.05229052238617386
0.07571963884982823
0.04529906531638027
0.21898718448716459
0.02702496458435573
0.27996278117100526
0.01470859624362053
0.24596211195250312
0.00438187308876279
0.03566326192020564
0.01998963245142959
0.02813639519191456
0.02070889997828197
0.08257905023168434
0.02130018091108718
0.19138293613842505
0.02122624621729202
0.41882020933170089
0.00725926128816948
0.18859718826001479
0.05229052238617386
0.07571963884982823
0.04529906531638027
0.21898718448716459
0.02702496458435573
0.27996278117100526
0.01470859624362053
0.24596211195250312
0.00438187308876279
0.03566326192020564
0.01998963245142959
0.02813639519191456
0.02070889997828197
0.08257905023168434
0.02130018091108718
0.19138293613842505
0.02122624621729202
0.41882020933170089
0.00725926128816948
0.18859718826001479
0.05229052238617386
0.07571963884982823
0.04529906531638027
0.21898718448716459
0.02702496458435573
0.27996278117100526
0.01470859624362053
0.24596211195250312
0.00438187308876279
0.03566326192020564
0.01998963245142959
0.02813639519191456
0.02070889997828197
0.08257905023168434
0.02130018091108718
0.19138293613842505
0.02122624621729202
0.41882020933170089
0.00725926128816948
0.18859718826001479
0.05229052238617386
0.07571963884982823
0.04529906531638027
0.21898718448716459
0.02702496458435573
0.27996278117100526
0.01470859624362053
0.24596211195250312
0.00438187308876279
0.03566326192020564
0.01998963245142959
0.02813639519191456
0.02070889997828197
0.08257905023168434
0.02130018091108718
0.19138293613842505
0.02122624621729202
0.41882020933170089
0.00725926128816948
0.18859718826001479
0.05229052238617386
0.07571963884982823
0.04529906531638027
0.21898718448716459
0.02702496458435573
0.27996278117100526
0.01470859624362053
0.24596211195250312
0.00438187308876279
0.03566326192020564
0.01998963245142959
0.02813639519191456
0.02070889997828197
0.08257905023168434
0.02130018091108718
0.19138293613842505
0.02122624621729202
0.41882020933170089
0.00725926128816948
0.18859718826001479
0.05229052238617386
0.07571963884982823
0.04529906531638027
0.21898718448716459
0.02702496458435573
0.27996278117100526
0.01470859624362053
0.24596211195250312
0.00438187308876279
0.03566326192020564
0.01998963245142959
0.02813639519191456
0.02070889997828197
0.08257905023168434
0.02130018091108718
0.19138293613842505
0.02122624621729202
0.41882020933170089
0.00725926128816948
0.18859718826001479
0.05229052238617386
0.07571963884982823
0.04529906531638027
0.21898718448716459
0.02702496458435573
0.27996278117100526
0.01470859624362053
0.24596211195250312
0.00438187308876279
0.03566326192020564
0.01998963245142959
0.02813639519191456
0.02070889997828197
0.08257905023168434
0.02130018091108718
0.19138293613842505
0.02122624621729202
0.41882020933170089
0.00725926128816948
0.18859718826001479
0.05229052238617386
0.07571963884982823
0.04529906531638027
0.21898718448716459
0.02702496458435573
0.27996278117100526
0.01470859624362053
0.24596211195250312
0.00438187308876279
0.03566326192020564
0.01998963245142959
0.02813639519191456
0.02070889997828197
0.08257905023168434
0.02130018091108718
0.19138293613842505
0.02122624621729202
0.41882020933170089
0.00725926128816948
0.18859718826001479
0.05229052238617386
0.07571963884982823
0.04529906531638027
0.21898718448716459
0.02702496458435573
0.27996278117100526
0.01470859624362053
0.24596211195250312
0.00438187308876279
0.03566326192020564
0.01998963245142959
0.02813639519191456
0.02070889997828197
0.08257905023168434
0.02130018091108718
0.19138293613842505
0.02122624621729202
0.41882020933170089
0.00725926128816948
0.18859718826001479
0.05229052238617386
0.07571963884982823
0.04529906531638027
0.21898718448716459
0.02702496458435573
0.27996278117100526
0.01470859624362053
0.24596211195250312
0.00438187308876279
0.03566326192020564
0.01998963245142959
0.02813639519191456
0.02070889997828197
0.08257905023168434
0.02130018091108718
0.19138293613842505
0.02122624621729202
0.41882020933170089
0.00725926128816948
0.18859718826001479
0.05229052238617386
0.07571963884982823
0.04529906531638027
0.21898718448716459
0.02702496458435573
0.27996278117100526
0.01470859624362053
0.24596211195250312
0.00438187308876279
0.03566326192020564
0.01998963245142959
0.02813639519191456
0.02070889997828197
0.08257905023168434
0.02130018091108718
0.19138293613842505
0.02122624621729202
0.41882020933170089
0.00725926128816948
0.18859718826001479
0.05229052238617386
0.07571963884982823
0.04529906531638027
0.21898718448716459
0.02702496458435573
0.27996278117100526
0.01470859624362053
0.24596211195250312
0.00438187308876279
0.03566326192020564
0.01998963245142959
0.02813639519191456
0.02070889997828197
0.08257905023168434
0.02130018091108718
0.19138293613842505
0.02122624621729202
0.41882020933170089
0.00725926128816948
0.18859718826001479
0.05229052238617386
0.07571963884982823
0.04529906531638027
0.21898718448716459
0.02702496458435573
0.27996278117100526
0.01470859624362053
0.24596211195250312
0.00438187308876279
0.03566326192020564
0.01998963245142959
0.02813639519191456
0.02070889997828197
0.08257905023168434
0.02130018091108718
0.19138293613842505
0.02122624621729202
0.41882020933170089
0.00725926128816948
0.18859718826001479