0.367365223102772
0.526160288519121
0.712329345058949
0.313515462640014
0.411693320177705
0.575084033684200
0.368939706860408
0.528178601962953
0.713235065466647
0.314726798070168
0.413767946818734
0.577453464190593
0.370505530217816
0.530172057695871
0.714103964967658
0.315952404200872
0.415840425979040
0.579814497999209
0.372062839750142
0.532141263841275
0.714936765708591
0.317191432899169
0.417910525533479
0.582166891487611
0.373611778372062
0.534086805318679
0.715734151231372
0.318443085126478
0.419978024067087
0.584510413702157
0.375152485345832
0.536009245052483
0.716496768195123
0.319706607671047
0.422042710370213
0.586844845885212
0.376685096307934
0.537909125101178
0.717225227976132
0.320981290115309
0.424104382960101
0.589169981018241
0.378209743310616
0.539786967713313
0.717920108154566
0.322266462021556
0.426162849627478
0.591485623380389
0.379726554875269
0.541643276315926
0.718581953895817
0.323561490320210
0.428217927006803
0.593791588122139
0.381235656055099
0.543478536440633
0.719211279233628
0.324865776885894
0.430269440168852
0.596087700853659
0.382737168504999
0.545293216592123
0.719808568261523
0.326178756287450
0.432317222234429
0.598373797247412
0.384231210556852
0.547087769063357
0.720374276238487
0.327499893698950
0.434361114008033
0.600649722654622
0.385717897298828
0.548862630701413
0.720908830614285
0.328828682959658
0.436400963630363
0.602915331735205
0.387197340657476
0.550618223627581
0.721412631979356
0.330164644771724
0.438436626248636
0.605170488100730
0.388669649481616
0.552354955914999
0.721886054943760
0.331507325025257
0.440467963703717
0.607415063970035
0.390134929627218
0.554073222226836
0.722329448949244
0.332856293241140
0.442494844233132
0.609648939837080
0.391593284042599
0.555773404417802
0.722743139018158
0.334211141122706
0.444517142189092
0.611872004150657
0.393044812853391
0.557455872101528
0.723127426442566
0.335571481208070
0.446534737770681
0.614084153005571
0.394489613446838
0.559120983186128
0.723482589416626
0.336936945615536
0.448547516769448
0.616285289844908
0.395927780555060
0.560769084380126
0.723808883614989
0.338307184875082
0.450555370327629
0.618475325173030
0.397359406337003
0.562400511670694
0.724106542719728
0.339681866839482
0.452558194708345
0.620654176278925
0.398784580458848
0.564015590776055
0.724375778898037
0.341060675669121
0.454555891077089
0.622821766969572
0.400203390172701
0.565614637573716
0.724616783232720
0.342443310885028
0.456548365293886
0.624978027312966
0.401615920393432
0.567197958506095
0.724829726107267
0.343829486485078
0.458535527715563
0.627122893390481
0.403022253773574
0.568765850964987
0.725014757547111
0.345218930118710
0.460517293007551
0.629256307058220
0.404422470776196
0.570318603656188
0.725172007518470
0.346611382315873
0.462493579964731
0.631378215717083
0.405816649745727
0.571856496945529
0.725301586185981
0.348006595766263
0.464464311340808
0.633488572091192
0.407204866976682
0.573379803187446
0.725403584130182
0.349404334645186
0.466429413685776
0.635587334014415
0.408587196780312
0.574888787037170
0.725478072525707
0.350804373982710
0.468388817191027
0.637674464224687
0.409963711549158
0.576383705747503
0.725525103280908
0.352206499072990
0.470342455541708
0.639749930165845
0.411334481819538
0.577864809451110
0.725544709139471
0.353610504920930
0.472290265775920
0.641813703796715
0.412699576332002
0.579332341429179
0.725536903744411
0.355016195723513
0.474232188150430
0.643865761407188
0.414059062089766
0.580786538367245
0.725501681664724
0.356423384383402
0.476168166012521
0.645906083441029
0.415413004415186
0.582227630598910
0.725439018384775
0.357831892052532
0.478098145677679
0.647934654325176
0.416761467004304
0.583655842338164
0.725348870256403
0.359241547703628
0.480022076312808
0.649951462305303
0.418104511979519
0.585071391900940
0.725231174413544
0.360652187727727
0.481939909824681
0.651956499287398