0.265591523861806000
0.654392590795041000
0.036470833789279100
0.011157950704470900
0.000860192191433089
0.002208862244605540
0.003101562316237320
0.002674442412722330
0.000000000000000000
0.003008974527852200
0.006426115475569810
0.000000000000000000
0.000790457974354481
0.001640756004720660
0.000000000000000000
0.000000000000000000
0.000000000000000000
0.006636936321429980
0.000000000000000000
0.000000000000000000
0.000000000000000000
0.000000000000000000
0.000000000000000000
0.000000000000000000
0.000000000000000000
0.000997697217763410
0.004041104162714820
0.000000000000000000
0.000000000000000000
0.000000000000000000
0.000000000000000000
0.000000000000000000
0.000000000000000000
0.000000000000000000
0.000000000000000000
0.000000000000000000
0.000000000000000000
0.000000000000000000
0.000000000000000000
0.000000000000000000
0.000000000000000000
0.000000000000000000
0.000000000000000000
0.000000000000000000
0.000000000000000000
0.000000000000000000
0.000000000000000000
0.000000000000000000
0.000000000000000000
0.000000000000000000
0.000000000000000000
0.000000000000000000