260.483001128032000
3988.880084821020000
29240.125597474700000
97.831797135992100
1293.763351036830000
9319.272492205490000
309.759089807115000
4244.476984632290000
30328.330655903900000
102.843806650121000
1343.437784609420000
9511.564330574430000
359.483114731642000
4500.211108501210000
31401.971015167800000
108.531687138771000
1394.821114648630000
9708.977598869290000
409.655075901612000
4756.082456427770000
32461.046675266200000
114.895438601944000
1447.913341154460000
9911.512297090040000
460.274973317026000
5012.091028411990000
33505.557636199400000
121.935061039639000
1502.714464126910000
10119.168425236700000
511.342806977883000
5268.236824453860000
34535.503897967200000
129.650554451856000
1559.224483565980000
10331.945983309300000
562.858576884184000
5524.519844553370000
35550.885460569600000
138.041918838595000
1617.443399471670000
10549.844971307700000
614.822283035929000
5780.940088710540000
36551.702324006700000
147.109154199857000
1677.371211843970000
10772.865389232100000
667.233925433117000
6037.497556925360000
37537.954488278500000
156.852260535641000
1739.007920682890000
11001.007237082400000
720.093504075748000
6294.192249197820000
38509.641953384800000
167.271237845947000
1802.353525988440000
11234.270514858600000
773.401018963824000
6551.024165527940000
39466.764719325900000
178.366086130775000
1867.408027760600000
11472.655222560700000
827.156470097342000
6807.993305915710000
40409.322786101500000
190.136805390126000
1934.171425999380000
11716.161360188700000
881.359857476305000
7065.099670361120000
41337.316153711900000
202.583395623998000
2002.643720704780000
11964.788927742600000
936.011181100711000
7322.343258864190000
42250.744822156800000
215.705856832393000
2072.824911876800000
12218.537925222400000
991.110440970560000
7579.724071424910000
43149.608791436400000
229.504189015310000
2144.714999515440000
12477.408352628200000
1046.657637085850000
7837.242108043280000
44033.908061550600000
243.978392172749000
2218.313983620690000
12741.400209959800000
1102.652769446590000
8094.897368719290000
44903.642632499600000
259.128466304711000
2293.621864192570000
13010.513497217300000
1159.095838052770000
8352.689853452960000
45758.812504283200000
274.954411411194000
2370.638641231060000
13284.748214400800000
1215.986842904390000
8610.619562244280000
46599.417676901400000
291.456227492200000
2449.364314736170000
13564.104361510100000
1273.325784001460000
8868.686495093250000
47425.458150354200000
308.633914547728000
2529.798884707910000
13848.581938545400000
1331.112661343970000
9126.890651999870000
48236.933924641700000
326.487472577779000
2611.942351146260000
14138.180945506500000
1389.347474931930000
9385.232032964140000
49033.844999763900000
345.016901582351000
2695.794714051230000
14432.901382393600000
1448.030224765320000
9643.710637986060000
49816.191375720700000
364.222201561446000
2781.355973422820000
14732.743249206500000
1507.160910844170000
9902.326467065620000
50583.973052512100000
384.103372515063000
2868.626129261020000
15037.706545945400000
1566.739533168450000
10161.079520202800000
51337.190030138200000
404.660414443202000
2957.605181565850000
15347.791272610200000
1626.766091738180000
10419.969797397700000
52075.842308598900000
425.893327345863000
3048.293130337300000
15662.997429200900000
1687.240586553350000
10678.997298650200000
52799.929887894300000
447.802111223046000
3140.689975575360000
15983.325015717500000
1748.163017613970000
10938.162023960400000
53509.452768024300000
470.386766074752000
3234.795717280040000
16308.774032160000000
1809.533384920030000
11197.463973328200000
54204.410948989000000
493.647291900980000
3330.610355451350000
16639.344478528400000
1871.351688471530000
11456.903146753700000
54884.804430788300000
517.583688701730000
3428.133890089270000
16975.036354822700000
1933.617928268480000
11716.479544236800000
55550.633213422300000
542.195956477003000
3527.366321193810000
17315.849661042900000
1996.332104310870000
11976.193165777600000
56201.897296890900000
567.484095226797000
3628.307648764970000
17661.784397189000000
2059.494216598700000
12236.044011376000000
56838.596681194200000
593.448104951114000
3730.957872802740000
18012.840563261100000
2123.104265131980000
12496.032081032100000
57460.731366332100000
620.087985649953000
3835.316993307140000
18369.018159259000000
2187.162249910700000
12756.157374745800000
58068.301352304700000
647.403737323314000
3941.385010278160000
18730.317185182800000
2251.668170934870000
13016.419892517200000
58661.306639111900000
675.395359971197000
4049.161923715790000
19096.737641032600000
2316.622028204470000
13276.819634346200000
59239.747226753700000
704.062853593603000
4158.647733620040000
19468.279526808200000
2382.023821719530000
13537.356600232800000
59803.623115230200000
733.406218190531000
4269.842439990920000
19844.942842509800000
2447.873551480020000
13798.030790177200000
60352.934304541400000
763.425453761981000
4382.746042828410000
20226.727588137200000
2514.171217485960000
14058.842204179100000
60887.680794687200000
794.120560307953000
4497.358542132520000
20613.633763690600000
2580.916819737340000
14319.790842238800000
61407.862585667600000
825.491537828447000
4613.679937903250000
21005.661369169900000
2648.110358234170000
14580.876704356000000
61913.479677482700000
857.538386323464000
4731.710230140600000
21402.810404575100000
2715.751832976440000
14842.099790531000000
62404.532070132400000
890.261105793003000
4851.449418844560000
21805.080869906100000
2783.841243964150000
15103.460100763500000
62881.019763616800000
923.659696237064000
4972.897504015150000
22212.472765163100000
2852.378591197310000
15364.957635053700000
63342.942757935800000
957.734157655647000
5096.054485652350000
22624.986090346000000
2921.363874675910000
15626.592393401600000
63790.301053089500000
992.484490048752000
5220.920363756180000
23042.620845454800000
2990.797094399950000
15888.364375807100000
64223.094649077800000
1027.910693416380000
5347.495138326620000
23465.377030489600000
3060.678250369440000
16150.273582270300000
64641.323545900800000
1064.012767758530000
5475.778809363680000
23893.254645450200000
3131.007342584370000
16412.320012791100000
65044.987743558400000
1100.790713075200000
5605.771376867360000
24326.253690336700000
3201.784371044750000
16674.503667369600000
65434.087242050700000
1138.244529366400000
5737.472840837660000
24764.374165149100000
3273.009335750560000
16936.824546005700000
65808.622041377600000
1176.374216632110000
5870.883201274580000
25207.616069887500000
3344.682236701830000
17199.282648699500000
66168.592141539100000
1215.179774872350000
6006.002458178120000
25655.979404551700000
3416.803073898530000
17461.877975450900000
66513.997542535400000
1254.661204087110000
6142.830611548270000
26109.464169141800000
3489.371847340680000
17724.610526260000000
66844.838244366200000
1294.818504276390000
6281.367661385050000
26568.070363657900000
3562.388557028270000
17987.480301126700000
67161.114247031700000
1335.651675440200000
6421.613607688440000
27031.797988099900000
3635.853202961310000
18250.487300051100000
67462.825550531900000
1377.160717578530000
6563.568450458460000
27500.647042467700000
3709.765785139790000
18513.631523033100000
67749.972154866700000
1419.345630691380000
6707.232189695090000
27974.617526761500000
3784.126303563710000
18776.912970072800000
68022.554060036100000
1462.206414778750000
6852.604825398340000
28453.709440981200000
3858.934758233080000
19040.331641170100000
68280.571266040200000
1505.743069840640000
6999.686357568210000
28937.922785126700000
3934.191149147890000
19303.887536325100000
68524.023772878900000
1549.955595877060000
7148.476786204700000
29427.257559198200000
4009.895476308140000
19567.580655537700000
68752.911580552300000
1594.843992888000000
7298.976111307800000
29921.713763195600000
4086.047739713840000
19831.410998808000000
68967.234689060300000
1640.408260873460000
7451.184332877530000
30421.291397118900000
4162.647939364980000
20095.378566135900000
69166.993098403000000
1686.648399833440000
7605.101450913880000
30925.990460968100000
4239.696075261570000
20359.483357521500000
69352.186808580300000
1733.564409767950000
7760.727465416840000
31435.810954743200000
4317.192147403590000
20623.725372964700000
69522.815819592300000
1781.156290676970000
7918.062376386420000
31950.752878444200000
4395.136155791070000
20888.104612465600000
69678.880131438900000
1829.424042560520000
8077.106183822630000
32470.816232071200000
4473.528100423980000
21152.621076024100000
69820.379744120200000
1878.367665418600000
8237.858887725450000
32996.001015624000000
4552.367981302340000
21417.274763640300000
69947.314657636100000
1927.987159251190000
8400.320488094890000
33526.307229102700000
4631.655798426140000
21682.065675314100000
70059.684871986700000
1978.282524058300000
8564.490984930950000
34061.734872507400000
4711.391551795390000
21946.993811045600000
70157.490387171900000
2029.253759839940000
8730.370378233620000
34602.283945837900000
4791.575241410080000
22212.059170834700000
70240.731203191700000
2080.900866596100000
8897.958668002920000
35147.954449094300000
4872.206867270210000
22477.261754681500000
70309.407320046200000
2133.223844326790000
9067.255854238840000
35698.746382276700000
4953.286429375790000
22742.601562585900000
70363.518737735300000
2186.222693031990000
9238.261936941370000
36254.659745385000000
5034.813927726810000
23008.078594548000000
70403.065456259200000
2239.897412711720000
9410.976916110520000
36815.694538419100000
5116.789362323270000
23273.692850567700000
70428.047475617600000
2294.248003365970000
9585.400791746290000
37381.850761379200000
5199.212733165180000
23539.444330645100000
70438.464795810700000
2349.274464994740000
9761.533563848690000
37953.128414265200000
5282.084040252530000
23805.333034780100000
70434.317416838400000
2404.976797598030000
9939.375232417700000
38529.527497077100000
5365.403283585330000
24071.358962972800000
70415.605338700800000
2461.355001175850000
10118.925797453300000
39111.048009814900000
5449.170463163570000
24337.522115223100000
70382.328561397900000
2518.409075728190000
10300.185258955600000
39697.689952478600000
5533.385578987250000
24603.822491531100000
70334.487084929500000
2576.139021255050000
10483.153616924400000
40289.453325068200000
5618.048631056370000
24870.260091896700000
70272.080909295800000
2634.544837756430000
10667.830871359900000
40886.338127583700000