0.0000000000
24303.4174832400
92879.7793541778
134748.2534162350
172706.1102957590
211454.9479608130
250892.8972497030
289091.4582245600
330962.3086720520
376493.4029749140
426193.0346192090
481143.4731574680
538872.2861560890
597551.8485949770
660223.4279556410
726136.1460794590
801406.3551820600
889485.7121683620
986743.2906511850
1087733.9530678300
1195404.5514597900
1318713.6049626400
1465642.0206850900
1634349.0490465400
1813775.2658743200
2002449.5773139300
2230189.0563246400
2491705.9344926200
2833567.5833663400
3232891.6898610000
3661038.6674567200
4102403.7726128100
4553206.9736742100
5125269.3849023300
5766890.2231925200
6497890.5367155900
7203232.8536735000
8056301.7091662400
8996858.9292993500
10031695.5532179000
11121583.8189513000
12556001.6594027000
14000107.8315713000
16146720.3498642000
18986984.5107284000
22703169.1898308000
27175582.8353176000
33927696.0647100000
47597422.9686572000
75167679.4488879000
123871992.2919100000
283145781.4872990000