0.00130110277241986
0.02312030109763880
0.00021011190157725
0.00941859585628313
0.00126593515111914
0.02250067915386760
0.00020445027916865
0.00916626457542075
0.00126712805727981
0.02186042512703200
0.00020603221929659
0.00891305017933612
0.00128616029419175
0.02121769096686160
0.00021020664331806
0.00866345441763898
0.00131390296113858
0.02058122860054480
0.00021529522927173
0.00841900808846452
0.00134575340952479
0.01995526799543520
0.00022067320443367
0.00818019173510057
0.00137932888643846
0.01934182752788370
0.00022609806190181
0.00794710702794989
0.00141335443381785
0.01874182718105140
0.00023146928807242
0.00771971690281552
0.00144711783479206
0.01815563371087480
0.00023674045261291
0.00749793334385661
0.00148019834859465
0.01758333174388690
0.00024188637428630
0.00728165012607462
0.00151232976765252
0.01702486051115800
0.00024689062604129
0.00707075524359786
0.00154333038036220
0.01648008370092940
0.00025174070586912
0.00686513568583266
0.00157306673771115
0.01594882553931040
0.00025642615237770
0.00666467927531638
0.00160143472496998
0.01543088958867980
0.00026093781079566
0.00646927535764809
0.00162834959595060
0.01492606859496550
0.00026526755412734
0.00627881503678638
0.00165374069306105
0.01443414965127130
0.00026940818495039
0.00609319122924447
0.00167754863181188
0.01395491689261160
0.00027335340750865
0.00591229864706526
0.00169972378179357
0.01348815288547630
0.00027709782499334
0.00573603375447770
0.00172022542316119
0.01303363933068240
0.00028063694331713
0.00556429471685941
0.00173902124543503
0.01259115741144850
0.00028396717358740
0.00539698134980320
0.00175608700876238
0.01216048796616610
0.00028708583008245
0.00523399507153247
0.00177140627053898
0.01174141158320200
0.00028999112252621
0.00507523885994861
0.00178497012552244
0.01133370867026180
0.00029268214235043
0.00492061721472145
0.00179677693261409
0.01093715952610630
0.00029515884305388
0.00477003612443003
0.00180683201552297
0.01055154442858750
0.00029742201497901
0.00462340303856294
0.00181514733248072
0.01017664374516930
0.00029947325493976
0.00448062684408434
0.00182174111471623
0.00981223806765284
0.00030131493119838
0.00434161784621505
0.00182663747598742
0.00945810837030201
0.00030295014432644
0.00420628775304621
0.00182986599691689
0.00911403618914080
0.00030438268450449
0.00407454966358639
0.00183146128864422
0.00877980381942695
0.00030561698582229
0.00394631805883659
0.00183146254065334
0.00845519452793903
0.00030665807813792
0.00382150879548999
0.00182991305771101
0.00813999277659071
0.00030751153704300
0.00370003910186158
0.00182453194182283
0.00783093176134314
0.00030786738402321
0.00358063383157671
0.00181868703273819
0.00753101185386485
0.00030820336898056
0.00346450872124850
0.00180911947452442
0.00723678377387511
0.00030805011955779
0.00335028116145625
0.00179915796477654
0.00695106469189148
0.00030788415445934
0.00323909595488864
0.00178554194142042
0.00667067106866061
0.00030722979390797
0.00312965645390720
0.00177156305569055
0.00639822798052133
0.00030656405238007
0.00302303585429862
0.00175398665203627
0.00613079769994661
0.00030540843689062
0.00291801856286319
0.00173605824288563
0.00587081527581431
0.00030423946836133
0.00281560796002103
0.00171458912438425
0.00561557671682266
0.00030257789237117
0.00271466630218767
0.00169276534610484
0.00536733338084719
0.00030089795431316
0.00261612956308254
0.00166746126837650
0.00512360652485692
0.00029872129977016
0.00251893538483550
0.00164178881417678
0.00488647185305443
0.00029651786917322
0.00242395489407413
0.00161270157590088
0.00465366928866471
0.00029381180280644
0.00233019916826268
0.00158322264436454
0.00442710768951018
0.00029106662212515
0.00223847713152837
0.00155040102180282
0.00420474031560866
0.00028781061731634
0.00214787185614127
0.00151715690092616
0.00398831848524838
0.00028449875068269
0.00205913286200180
0.00148065143906681
0.00377600446684457
0.00028066526117548
0.00197141436629012
0.00144368897073063
0.00356940183375379
0.00027675442315811
0.00188540956929085
0.00140356053030617
0.00336687841470027
0.00027230845392486
0.00180034370150145
0.00136294316142312
0.00316990038298882
0.00026775887004194
0.00171685719402792
0.00131927681694046
0.00297703842794593
0.00026265823745711
0.00163424704046853
0.00127510178939850
0.00278963224338024
0.00025742337889991
0.00155310513986910
0.00122802758051768
0.00260645317739203
0.00025162006351049
0.00147280206779227
0.00118045071777278
0.00242872582558258
0.00024564873451395
0.00139388636602926
0.00113017258906541
0.00225542000372500
0.00023909188574947
0.00131580526744240
0.00107944183297766
0.00208765666700277
0.00023233231571191
0.00123907031830245
0.00102627557204554
0.00192460104167609
0.00022497365083246
0.00116320987122560
0.00097277359005433
0.00176728114997151
0.00021738042755858
0.00108870619962779
0.00091719332188537
0.00161505224256064
0.00020918293429928
0.00101517458602975
0.00086148771176562
0.00146885787882470
0.00020072774392744
0.00094307706758528
0.00080417804049873
0.00132823335012290
0.00019167865037940
0.00087212259975735
0.00074707437297459
0.00119404161638666
0.00018236572456986
0.00080276280852901
0.00068898103768013
0.00106598018930725
0.00017249444954100
0.00073480687293826
0.00063156870137958
0.00094482732972061
0.00016238110661624
0.00066870521561731
0.00057393429294155
0.00083041298781133
0.00015178202418267
0.00060437128540254
0.00051760780859817
0.00072341459979563
0.00014100333046225
0.00054226008120652
0.00046197117504286
0.00062374850312050
0.00012986121732190
0.00048238683835360
0.00040840162479545
0.00053195951738001
0.00011865510406489
0.00042520880556969
0.00035653252086978
0.00044798542838407
0.00010726764844289
0.00037082802026696
0.00030755895918896
0.00037219031891608
0.00009599251707639
0.00031968714105240
0.00026129907275443
0.00030445220475005
0.00008477931532517
0.00027194046195822
0.00021871605066589
0.00024489651273894
0.00007391090325643
0.00022797835610649
0.00017971333128303
0.00019325666097710
0.00006339352561015
0.00018794835871308
0.00014495852082864
0.00014936999197071
0.00005348442115660
0.00015212851413893
0.00011432346509874
0.00011276300641168
0.00004422177817815
0.00012057998611948
0.00008812490630294
0.00008297455758016
0.00003581148657285
0.00009339730043895
0.00006610344328873
0.00005931961469306
0.00002828612964750
0.00007047592621548
0.00004821503722366
0.00004109898823797
0.00002176939858625
0.00005167474802017
0.00003403194756262
0.00002749452298499
0.00001624892036902
0.00003668398765693