0.999500271220881
0.999944643345653
0.999534271700527
0.999948483424202
0.999000542441761
0.999889286691306
0.999068543401054
0.999896966848403
0.998500813662642
0.999833930036959
0.998602815101582
0.999845450272605
0.998001084883522
0.999778573382612
0.998137086802109
0.999793933696807
0.997501356104403
0.999723216728265
0.997671358502636
0.999742417121008
0.997001627325283
0.999667860073918
0.997205630203163
0.999690900545210
0.996501898546164
0.999612503419571
0.996739901903690
0.999639383969412
0.996002169767044
0.999557146765224
0.996274173604218
0.999587867393613
0.995502440987925
0.999501790110877
0.995808445304745
0.999536350817815
0.995002712208806
0.999446433456530
0.995342717005272
0.999484834242017
0.994502983429686
0.999391076802183
0.994876988705799
0.999433317666218
0.994003254650567
0.999335720147836
0.994411260406326
0.999381801090420
0.993503525871447
0.999280363493489
0.993945532106854
0.999330284514622
0.993003797092328
0.999225006839142
0.993479803807381
0.999278767938823
0.992504068313208
0.999169650184795
0.993014075507908
0.999227251363025
0.992004339534089
0.999114293530448
0.992548347208435
0.999175734787227
0.991504610754970
0.999058936876101
0.992082618908962
0.999124218211428
0.991004881975850
0.999003580221754
0.991616890609490
0.999072701635630
0.990505153196731
0.998948223567407
0.991151162310017
0.999021185059832
0.990005424417611
0.998892866913060
0.990685434010544
0.998969668484033
0.989505695638492
0.998837510258713
0.990219705711071
0.998918151908235
0.989005966859372
0.998782153604366
0.989753977411598
0.998866635332437
0.988506238080253
0.998726796950019
0.989288249112126
0.998815118756638
0.988006509301134
0.998671440295672
0.988822520812653
0.998763602180840
0.987506780522014
0.998616083641325
0.988356792513180
0.998712085605042
0.987007051742895
0.998560726986978
0.987891064213707
0.998660569029243
0.986507322963775
0.998505370332631
0.987425335914235
0.998609052453445
0.986007594184656
0.998450013678284
0.986959607614762
0.998557535877647
0.985507865405536
0.998394657023937
0.986493879315289
0.998506019301848
0.985008136626417
0.998339300369590
0.986028151015816
0.998454502726050
0.984508407847297
0.998283943715243
0.985562422716343
0.998402986150252
0.982390933911331
0.997913106452348
0.983585568040529
0.998057803180931
0.982288360359568
0.997878051969441
0.983489491201994
0.998025163101264
0.980068750751308
0.997469191910371
0.981416609175291
0.997644563359679
0.979854428692923
0.997392531262386
0.981215763880117
0.997573175800432
0.977522900134486
0.996938459905256
0.979037553526820
0.997150455144600
0.977185389037696
0.996812225147264
0.978721101167791
0.997032889788773
0.974729672967459
0.996304164857708
0.976425902085865
0.996559858887616
0.974254714878324
0.996118590412453
0.975980330923397
0.996387005276128
0.971659479540409
0.995545742316286
0.973553570275659
0.995853584572475
0.971029367585841
0.995288772293112
0.972962090683375
0.995614190134301
0.968275554485586
0.994637757567916
0.970385645189278
0.995007885538982
0.967468403324772
0.994294408169562
0.969627487590232
0.994687956988291
0.964532457740861
0.993548544256933
0.966878939764190
0.993993179717109
0.963521353012618
0.993100076991702
0.965928531717272
0.993575205636988
0.960374324033882
0.992238438078400
0.962980294957163
0.992772387828102
0.959126323928444
0.991661285601662
0.961806289363941
0.992234326769365
0.955732806286443
0.990657481015904
0.958624572534974
0.991298769193336
0.954207765946467
0.989921849686609
0.957188695526290
0.990612730207813
0.950524654851120
0.988742434066216
0.953732275359298
0.989513098820332
0.948673844817714
0.987810485306936
0.951987961338960
0.988643619424904
0.944648877914451
0.986412890367441
0.948206731894074
0.987339983304630
0.942413373656625
0.985236376926689
0.946097516588561
0.986241783343646
0.937983444111933
0.983566227307848
0.941930791946955
0.984683058131387
0.935292278629643
0.982083432423756
0.939388445637668
0.983298118085964
0.930381524951372
0.980071080712789
0.934763009280000
0.981418748789702
0.927149626426652
0.978202883261581
0.931705417239010
0.979672531871187
0.921667345086418
0.975758979980900
0.926533346087812
0.977388223353068
0.917793335267236
0.973403858939020
0.922862190032786
0.975184842146398
0.911631831716955
0.970413779276541
0.917038542959011
0.972387139375056
0.906995850118000
0.967441600521316
0.912636918134736
0.969603280848137
0.900028455770111
0.963758614407042
0.906037481689925
0.966152843540024
0.894490314671275
0.960003157562961
0.900767714727019
0.962630351533863
0.886569967061937
0.955440413933242
0.893247159890881
0.958348914023622
0.879968147598339
0.950690875778820
0.886949290532670
0.953886158786439
0.870927170597992
0.945012676325406
0.878340329799814
0.948547510425115
0.863079448519309
0.939004955358491
0.870831998356598
0.942890170230864
0.852731477450535
0.931918567231983
0.860946448919519
0.936211181303377
0.843438302908390
0.924328161800797
0.852025286007219
0.929043995136659
0.831583639216229
0.915478742480267
0.840658318791410
0.920677940795808
0.820635722830239
0.905918749796620
0.830108314997730
0.911620559158437
0.807071670886821
0.894891945156875
0.817047514774476
0.901156925336770
0.794263396938692
0.882921929936930
0.804651121886747
0.889769271922822
0.778801125418862
0.869261149492362
0.789692109485688
0.876746779299261
0.763951156310190
0.854415018220061
0.775249734199022
0.862551972334792
0.746440019591575
0.837662266537295
0.758219684306769
0.846493922910968
0.729419415948569
0.819504076279425
0.741577397165317
0.829028376884408
0.709778110968648
0.799272117083295
0.722366414135796
0.809509429264445
0.690544165461630
0.777484810194653
0.703450717898233
0.788407234503557
0.668795424652720
0.753560693724089
0.682048417007452
0.765154582537017
0.000000000000000
0.000000000000000
0.000000000000000
0.000000000000000