0.554951141049139
0.445048858950861
0.025045275223617
0.974954724776383
0.397902506117112
0.602097493882888
0.013431710130150
0.986568289869850
0.564812625539327
0.435187374460673
0.026119171704193
0.973880828295807
0.407528714120047
0.592471285879953
0.014014795980600
0.985985204019400
0.574383502319933
0.425616497680067
0.027211871555872
0.972788128444128
0.416988133575616
0.583011866424384
0.014608703363112
0.985391296636888
0.583666458878867
0.416333541121133
0.028322608705432
0.971677391294568
0.426275025927697
0.573724974072303
0.015213048099061
0.984786951900939
0.592665082962384
0.407334917037616
0.029450612489342
0.970549387510658
0.435384688154370
0.564615311845630
0.015827442364973
0.984172557635027
0.601383752846741
0.398616247153259
0.030595112957081
0.969404887042919
0.444313403341240
0.555686596658760
0.016451497499263
0.983548502500737
0.609827534090681
0.390172465909319
0.031755346165951
0.968244653834049
0.453058387860517
0.546941612139483
0.017084826825365
0.982915173174635
0.618002083172243
0.381997916827757
0.032930559437198
0.967069440562802
0.461617736208141
0.538382263791859
0.017727048475750
0.982272951524250
0.625913558226881
0.374086441773119
0.034120016545317
0.965879983454683
0.469990364443749
0.530009635556251
0.018377788202232
0.981622211797768
0.633568536947223
0.366431463052777
0.035323002814777
0.964676997185223
0.478175953068040
0.521824046931960
0.019036682158983
0.980963317841017
0.640973941575959
0.359026058424041
0.036538830100904
0.963461169899096
0.486174890062256
0.513825109937744
0.019703379645810
0.980296620354190
0.648136970819973
0.351863029180027
0.037766841634347
0.962233158365653
0.493988214707585
0.506011785292415
0.020377545800495
0.979622454199505
0.655065038433266
0.344934961566734
0.039006416711358
0.960993583288642
0.501617562700564
0.498382437299436
0.021058864230338
0.978941135769662
0.661765718155640
0.338234281844360
0.040256975214955
0.959743024785045
0.509065112985213
0.490934887014787
0.021747039574401
0.978252960425599
0.668246694650987
0.331753305349013
0.041517981954999
0.958482018045001
0.516333536635005
0.483666463364995
0.022441799989412
0.977558200010588
0.674515720060508
0.325484279939492
0.042788950818053
0.957211049181947
0.523425948038191
0.476574051961809
0.023142899553730
0.976857100446270
0.680580575770133
0.319419424229867
0.044069448720838
0.955930551279162
0.530345858568965
0.469654141431035
0.023850120585278
0.976149879414722
0.686449038985365
0.313550961014635
0.045359099363877
0.954640900636123
0.537097132864334
0.462902867135666
0.024563275870784
0.975436724129216
0.692128853708914
0.307871146291086
0.046657586784687
0.953342413215313
0.543683947772146
0.456316052227853
0.025282210805192
0.974717789194808
0.697627705725017
0.302372294274983
0.047964658712481
0.952035341287519
0.550110753989221
0.449889246010779
0.026006805441492
0.973993194558508
0.702953201207749
0.297046798792251
0.049280129728899
0.950719870271101
0.556382240369273
0.443617759630727
0.026736976452653
0.973263023547347
0.708112848587620
0.291887151412380
0.050603884241608
0.949396115758392
0.562503300847916
0.437496699152084
0.027472679008711
0.972527320991289
0.713114043330314
0.286885956669686
0.051935879279878
0.948064120720122
0.568479003905698
0.431520996094302
0.028213908573338
0.971786091426662
0.717964055302516
0.282035944697484
0.053276147123290
0.946723852876710
0.574314564469287
0.425685435530713
0.028960702625525
0.971039297374475
0.722670018421826
0.277329981578174
0.054624797776652
0.945375202223348
0.580015318134992
0.419984681865008
0.029713142313178
0.970286857686822
0.727238922310085
0.272761077689915
0.055982021305940
0.944017978694060
0.585586697587057
0.414413302412943
0.030471354046561
0.969528645953439
0.731677605691552
0.268322394308448
0.057348090051664
0.942651909948336
0.591034211075104
0.408965788924896
0.031235511040630
0.968764488959370
0.735992751299082
0.264007248700918
0.058723360737507
0.941276639262493
0.596363422810158
0.403636577189842
0.032005834816269
0.967994165183731
0.740190882072262
0.259809117927738
0.060108276493337
0.939891723506663
0.601579935136362
0.398420064863638
0.032782596671441
0.967217403328559
0.744278358451424
0.255721641548576
0.061503368812832
0.938496631187168
0.606689372335309
0.393310627664691
0.033566119134141
0.966433880865859
0.748261376590233
0.251738623409767
0.062909259466968
0.937090740533032
0.611697365921554
0.388302634078446
0.034356777409890
0.965643222590110
0.752145967327279
0.247854032672721
0.064326662395447
0.935673337604553
0.616609541290881
0.383390458709119
0.035155000837319
0.964844999162681
0.755937995773513
0.244062004226487
0.065756385598935
0.934243614401065
0.621431505587046
0.378568494412954
0.035961274366164
0.964038725633836
0.759643161387732
0.240356838612268
0.067199333055569
0.932800666944431
0.626168836657704
0.373831163342296
0.036776140072690
0.963223859927310
0.763266998426403
0.236733001573597
0.068656506685790
0.931343493314210
0.630827072975842
0.369172927024158
0.037600198728305
0.962399801271695
0.766814876667138
0.233185123332862
0.070129008389959
0.929870991610041
0.635411704409062
0.364588295590938
0.038434111437775
0.961565888562225
0.770292002317078
0.229707997682922
0.071618042183630
0.928381957816370
0.639928163725427
0.360071836274573
0.039278601364160
0.960721398635840
0.773703419028373
0.226296580971627
0.073124916455654
0.926875083544346
0.644381818731010
0.355618181268990
0.040134455558219
0.959865544441781
0.777054008952957
0.222945991047043
0.074651046374528
0.925348953625472
0.648777964940868
0.351222035059132
0.041002526910754
0.958997473089246
0.780348493777961
0.219651506222039
0.076197956468630
0.923802043531370
0.653121818691643
0.346878181308357
0.041883736247042
0.958116263752958
0.783591435691473
0.216408564308527
0.077767283406105
0.922232716593895
0.657418510610448
0.342581489389552
0.042779074583199
0.957220925416801
0.786787238236006
0.213212761763994
0.079360779000308
0.920639220999692
0.661673079361011
0.338326920638989
0.043689605565127
0.956310394434873
0.789940147014050
0.210059852985950
0.080980313466756
0.919019686533244
0.665890465594231
0.334109534405769
0.044616468111429
0.955383531888571
0.793054250216549
0.206945749783451
0.082627878957599
0.917372121042401
0.670075506036319
0.329924493963681
0.045560879282564
0.954439120717436
0.796133478951062
0.203866521048938
0.084305593399570
0.915694406600430
0.674232927653603
0.325767072346397
0.046524137399394
0.953475862600606
0.799181607351917
0.200818392648083
0.086015704661356
0.913984295338644
0.678367341838784
0.321632658161216
0.047507625435256
0.952492374564744
0.802202252459773
0.197797747540227
0.087760595076162
0.912239404923838
0.682483238569051
0.317516761430949
0.048512814706703
0.951487185293297
0.805198873862815
0.194801126137185
0.089542786345067
0.910457213654933
0.686584980491989
0.313415019508011
0.049541268889213
0.950458731110787
0.808174773096363
0.191825226903637
0.091364944846464
0.908635055153536
0.690676796900630
0.309323203099371
0.050594648385317
0.949405351614683
0.811133092801940
0.188866907198060
0.093229887376472
0.906770112623528
0.694762777564405
0.305237222435595
0.051674715073905
0.948325284926095
0.814076815650978
0.185923184349022
0.095140587344636
0.904859412655364
0.698846866388158
0.301153133611842
0.052783337470821
0.947216662529179
0.817008763042304
0.182991236957696
0.097100181448489
0.902899818551511
0.702932854876769
0.297067145123231
0.053922496332319
0.946077503667681
0.819931593586339
0.180068406413661
0.099111976849571
0.900888023150429
0.707024375388493
0.292975624611506
0.055094290734465
0.944905709265535
0.822847801392708
0.177152198607292
0.101179458872248
0.898820541127752
0.711124894165651
0.288875105834349
0.056300944663191
0.943699055336809
0.825759714181569
0.174240285818431
0.103306299245043
0.896693700754957
0.715237704137112
0.284762295862888
0.057544814151376
0.942455185848624
0.828669491242578
0.171330508757422
0.105496364902168
0.894503635097832
0.719365917492923
0.280634082507076
0.058828395001052
0.941171604998948
0.831579121268868
0.168420878731132
0.107753727360410
0.892246272639590
0.723512458037573
0.276487541962427
0.060154331130584
0.939845668869416
0.834490420096937
0.165509579903063
0.110082672683324
0.889917327316676
0.727680053334770
0.272319946665230
0.061525423588432
0.938474576411568
0.837405028386674
0.162594971613326
0.112487712040820
0.887512287959180
0.731871226663276
0.268128773336724
0.062944640276854
0.937055359723146
0.840324409279108
0.159675590720892
0.114973592867421
0.885026407132579
0.736088288810237
0.263911711189763
0.064415126430523
0.935584873569477
0.843249846072683
0.156750153927317
0.117545310616662
0.882454689383338
0.740333329735692
0.259666670264308
0.065940215896623
0.934059784103377
0.846182439961977
0.153817560038023
0.120208121102045
0.879791878897955
0.744608210149406
0.255391789850594
0.067523443264272
0.932476556735728
0.849123107885773
0.150876892114227
0.122967553406502
0.877032446593498
0.748914553048952
0.251085446951047
0.069168556892211
0.930831443107789
0.852072580534190
0.147927419465810
0.125829423332123
0.874170576667877
0.753253735275959
0.246746264724041
0.070879532884367
0.929120467115633
0.855031400567160
0.144968599432840
0.128799847349840
0.871200152650160
0.757626879155630
0.242373120844370
0.072660590063071
0.927339409936929
0.857999921098862
0.142000078901138
0.131885256994376
0.868114743005624
0.762034844292971
0.237965155707029
0.074516205989216
0.925483794010784
0.860978304504732
0.139021695495268
0.135092413632789
0.864907586367211
0.766478219607552
0.233521780392448
0.076451134077315
0.923548865922685
0.863966521609258
0.136033478390742
0.138428423515036
0.861571576484964
0.770957315696976
0.229042684303024
0.078470421851038
0.921529578148962
0.866964351313968
0.133035648686032
0.141900752991601
0.858099247008399
0.775472157627410
0.224527842372590
0.080579430381069
0.919420569618931
0.869971380725661
0.130028619274339
0.145517243756032
0.854482756243968
0.780022478257448
0.219977521742552
0.082783854941779
0.917216145058221
0.872987005845013
0.127012994154987
0.149286127938664
0.850713872061336
0.784607712209008
0.215392287790992
0.085089746915855
0.914910253084145
0.876010432875098
0.123989567124902
0.153216042841332
0.846783957158668
0.789226990605759
0.210773009394241
0.087503536966192
0.912496463033808
0.879040680208063
0.120959319791937
0.157316045060936
0.842683954939064
0.793879136705572
0.206120863294428
0.090032059481582
0.909967940518418
0.882076581146071
0.117923418853929
0.161595623701787
0.838404376298213
0.798562662558375
0.201437337441625
0.092682578286419
0.907317421713581
0.885116787409668
0.114883212590332
0.166064712322068
0.833935287677932
0.803275766824419
0.196724233175581
0.095462813583977
0.904537186416023
0.888159773482809
0.111840226517191
0.170733699198003
0.829266300801997
0.808016333890038
0.191983666109962
0.098380970077173
0.901619029922827
0.891203841838936
0.108796158161064
0.175613435419926
0.824386564580074
0.812781934418288
0.187218065581712
0.101445766178995
0.898554233821005
0.894247129086592
0.105752870913408
0.180715240256900
0.819284759743100
0.817569827470045
0.182430172529955
0.104666464185987
0.895333535814013
0.897287613066148
0.102712386933852
0.186050903140659
0.813949096859341
0.822376964327110
0.177623035672889
0.108052901241095
0.891947098758905
0.900323120921285
0.099676879078715
0.191632681525322
0.808367318474678
0.827199994142262
0.172800005857738
0.111615520855422
0.888384479144578
0.903351338159852
0.096648661840148
0.197473293776744
0.802526706223256
0.832035271531813
0.167964728468187
0.115365404690505
0.884634595309495