135556.434344379347749
  1996.538828868390738
  1525.333253392208007
  4999.255074293610960
  3641.859619833426677
  3641.859619833426677
  3877.446981087878612
  3877.446981087878612
  4112.222333050309317
  4112.222333050309317
  4333.391203695557124
  4333.391203695557124
  4573.211756017857624
  4573.211756017857624
  4813.385778840276544
  4813.385778840276544
  5052.982158578150120
  5052.982158578150120
  5310.467337491050785
  5310.467337491050785
  5582.127811059825945
  5582.127811059825945
  5829.729760451550646
  5829.729760451550646
  6066.907840777706951
  6066.907840777706951
  6303.931117056655239
  6303.931117056655239
  6545.641193264194044
  6545.641193264194044
  6789.808565621671733
  6789.808565621671733
  7034.792873664173385
  7034.792873664173385
  7271.170542644164016
  7271.170542644164016
  7513.986811516161652
  7513.986811516161652
  7760.484827195734397
  7760.484827195734397
  8006.297449673689698
  8006.297449673689698
  8254.434534766363868
  8254.434534766363868
  8496.277878827928362
  8496.277878827928362
  8736.230776153688566
  8736.230776153688566
  8983.399329543124622
  8983.399329543124622
  9227.589611566734675
  9227.589611566734675
  9471.085005274762807
  9471.085005274762807
  9714.773418734954248
  9714.773418734954248
  9952.646434409276480
  9952.646434409276480
 10189.545756087954942
 10189.545756087954942
 10427.333898272121587
 10427.333898272121587
 10667.338333659301497
 10667.338333659301497
 10901.404476524476195
 10901.404476524476195
 11122.854099754731578
 11122.854099754731578
 11363.148082111529220
 11363.148082111529220
 11582.383405787981246
 11582.383405787981246
 11820.514820900223640
 11820.514820900223640
 12040.886676934183924
 12040.886676934183924
 12278.468025665377354
 12278.468025665377354
 12495.721071561927602
 12495.721071561927602
 12730.527554419566513
 12730.527554419566513
 12943.010648192976078
 12943.010648192976078
 13178.480538208043072
 13178.480538208043072
 13388.618196312738291
 13388.618196312738291
 13618.351852294827040
 13618.351852294827040
 13823.178802317530426
 13823.178802317530426
     1.364386159317535
     0.237894713539950
