136100.488288166496204
  2005.541439217061907
  1531.149479278353056
  4935.735776958198585
  5636.132397813809803
  1551.791439114779450
  5915.166768915883040
  1596.183289901693570
  6193.750119846024063
  1642.248801845618118
  6471.773357058386864
  1690.001508618713615
  6749.139917650293683
  1739.455100294115027
  7025.759572475624736
  1790.623123570132975
  7301.559723602233134
  1843.519578872305146
  7576.466226269278195
  1898.157957704246428
  7850.410249278754236
  1954.551712108484253
  8123.353384840127546
  2012.715291820482889
  8395.238862625308684
  2072.662056549531826
  8665.987295803268353
  2134.403957284150692
  8935.561773196033755
  2197.954367666554845
  9203.991261371391374
  2263.329412739167765
  9471.099184531376523
  2330.536237350850115
  9736.918425380559711
  2399.590405198229746
 10001.400231708843421
  2470.503843259420591
 10264.489826576744235
  2543.288017982214569
 10526.251020000345306
  2617.958963690140081
 10786.534529877470050
  2694.523554515130400
 11045.394754191045649
  2772.997507401108578
 11302.737379919914019
  2853.388130628719864
 11558.566816738732086
  2935.708784958992965
 11812.831477199000801
  3019.969248431524647
 12065.558747038945512
  3106.183063132810275
 12316.756476942744484
  3194.362722769857555
 12566.324772425257834
  3284.514191363957252
 12814.278940752674316
  3376.650446094787185
 13060.584069981752691
  3470.780611327721090
 13305.271453068728079
  3566.915966258099616
 13548.329482515791824
  3665.066665837714027
 13767.280796856714005
  3764.082597361935768
 14012.188496870710878
  3866.338386531042033
 14225.217933116180575
  3969.191497104090104
 14464.984569009124243
  4075.347341439305637
 14671.777605531544395
  4182.020621268335162
 14906.012538560022222
  4292.054793577610326
 15106.142956889063498
  4402.504058534933392
 15334.392948362959942
  4516.364966441346041
 15527.453207487893451
  4630.544916331818968
 15749.369340330380510
  4748.182576049095587
 15934.742344133150254
  4865.991186944073888
 16149.258742137144509
  4987.282933044692982
 16325.782797436482724
  5108.588628519703889
     1.423299328616326
     0.226753412964679
