  20	 13306.654161494991058	 48678.924293459072942	  3143.649245974768746	   880.595606045684804	  7902.355706506300521	 27451.285672193469509	 45153.589483304407622	  1009.460074909430432	  1531.149479278356466
  21	 13497.278446282793084	 53721.810699371446390	  1124.725445262545691	   877.144220699724087	  8137.132079373125634	 27613.454029735119548	 48678.990717427775962	   660.871367680504932	  1531.149494642397940
  22	 13657.392394180547853	 58699.327943148164195	  1167.675879062315289	   882.129048250659025	  8167.136494605568259	 27583.304276261293126	 53721.980122188324458	   697.171278608788612	  1531.149510006472156
  23	 13818.442039519837635	 63617.737814560576226	  1199.440317142033564	   884.557284597349508	  8199.563790702839469	 27562.152133217325172	 58699.643708004281507	   725.113679982482267	  1531.149525370583433
  24	 13981.434002398262237	 68464.504723099031253	  1240.575795396238846	   887.383438366688893	  8231.272966723376157	 27547.506827305238403	 63618.250057951605413	   747.808639516610356	  1531.149540734881612
  25	 14148.901026649855339	 73232.334112794924295	  1282.848301165210842	   885.521972054528078	  8260.594049530627672	 27527.607634364390833	 68465.271355844510254	   770.797985525907279	  1531.149556099268466
  26	 14317.487486830181297	 77906.858647961227689	  1331.163576212635462	   888.527699029410542	  8289.988226487002976	 27516.149149376793503	 73233.417750253458507	   786.168958664991237	  1531.149571463796519
  27	 14488.002541477213526	 82484.388486620984622	  1374.963677554892001	   892.416115484711668	  8321.476783880636503	 27516.358843259527930	 77908.328417272699880	   790.858924191084498	  1531.149586828617885
  28	 14658.722716783597207	 86961.059000108827604	  1422.767311824205990	   893.591273253767667	  8350.819032945526487	 27512.377565805749327	 82486.317799862750689	   799.065257267185871	  1531.149602193651390
  29	 14831.795555356180557	 91329.958602726430399	  1475.278450463757736	   891.241885371893432	  8379.864812918573080	 27512.363952558254823	 86963.528620009194128	   804.813170599310183	  1531.149617559038006
  30	 15008.839194852695073	 95587.021692120542866	  1533.128159909857231	   881.725193765501331	  8407.735421280256560	 27513.587039790269046	 91333.056833053298760	   810.607296760226973	  1531.149632924795696
  31	 15274.455935254643919	100811.645551014167722	  1600.560725882773568	   913.010468997301473	  9131.451607295986832	 29527.048715455166530	 95590.841125987091800	   742.866245943676063	  1531.149628207467458
  32	 15507.552224977695005	106588.047675362045993	  1679.088341198379794	   934.068130541281448	  9585.766967696521533	 30744.761238766186580	100816.342723559442675	   708.179337317932323	  1531.149624050440934
  33	 15726.807835866024107	112675.690874476669705	  1741.781938804765105	   937.314451702511633	  9880.923162448572839	 31489.502272171459481	106593.793087968108011	   677.913528930428697	  1531.149619957937375
  34	 15938.234409186779885	118908.896038011109340	  1797.467970118150333	   952.514095455950951	 10083.632974903317518	 31963.595615294634626	112682.661294099088991	   637.525692659721358	  1531.149615831471237
  35	 16144.079662540729259	125201.606303865730297	  1848.381566900860207	   965.810794188367936	 10230.587963867286817	 32271.159142704942496	118917.255862679521670	   602.994923432946962	  1531.149611668435682
  36	 16344.808175643205686	131496.835756045766175	  1906.620155933998603	   977.319057952531125	 10340.258504565625117	 32468.272072560172091	125211.530128561920719	   581.373672473544843	  1531.149607484857825
  37	 16541.593547081080033	137766.059284150571330	  1966.282676261647794	   987.006462883526524	 10426.748470172417001	 32598.607737080084917	131508.511201959452592	   563.217840613263661	  1531.149603295667248
  38	 16736.080792553002539	143986.001886093203211	  2028.498160189935106	   987.747744387413832	 10497.740099087559429	 32684.863718438205979	137779.687017561169341	   548.302437718742112	  1531.149599110703548
  39	 16928.830493077071878	150123.324116432893788	  2100.717569949160861	   999.485816643041176	 10558.456684549897545	 32746.394052088398894	144001.794783719553379	   535.359645198289172	  1531.149594935201094
  40	 17114.833973272649018	156181.095121288934024	  2163.784261718293692	  1005.166279257428528	 10599.313397647772945	 32731.352736536788143	150141.489825604192447	   561.736378981366897	  1531.149590770952273
  41	 17320.997555253263272	162466.407194427243667	  2219.854994854935740	  1013.969230368488979	 10819.879637376328901	 33292.172663368764916	156201.863657857145881	   522.767034851828498	  1531.149581901042211
  42	 17525.305946196545847	168899.747524331614841	  2274.120768840027267	  1025.079950134033652	 11000.900379163836988	 33708.343494526554423	162489.960607018641895	   498.433043604795387	  1531.149573564534421
  43	 17729.703858823570044	175413.015951345092617	  2323.370779067522108	  1040.554916016633115	 11146.881527451996590	 34012.943395587099076	168926.265105648868484	   475.908928450731821	  1531.149565503219037
  44	 17934.429601082767476	181964.800817123847082	  2370.029186472138008	  1051.039121452171230	 11265.663548914628336	 34231.888552739837905	175442.690948948380537	   459.794912769687699	  1531.149557579474049
  45	 18139.487062096912268	188520.778924809914315	  2423.144932253778279	  1055.415149607193825	 11365.292274641273252	 34392.501776873999916	181997.856433693435974	   447.603271040805566	  1531.149549724528697
  46	 18345.925244962378201	195044.161540982895531	  2483.350613967474146	  1064.044102201020678	 11451.901298783177481	 34520.901343085221015	188557.446813957038103	   430.446836518256134	  1531.149541904019998
  47	 18553.927104489332123	201514.625814862083644	  2542.386888549894138	  1073.881718869634824	 11528.315562864856474	 34618.553134877103730	195084.672366846003570	   416.604257933197346	  1531.149534101554082
  48	 18763.967553289105126	207917.567980377905769	  2599.685009901862031	  1084.414737611915371	 11598.272787341640651	 34697.849734945615637	201559.237412086047698	   403.289421055895104	  1531.149526309931616
  49	 18977.446902772178873	214236.565795017086202	  2659.921244160886090	  1094.931131252241357	 11662.838380018129101	 34763.030367057661351	207966.520005927624879	   391.851012083351407	  1531.149518527267674
  50	 19194.204057923798246	220454.227690648229327	  2721.684593634836801	  1106.837597931972141	 11722.661958135367968	 34816.043678480193194	214290.127626244357089	   380.499962336656154	  1531.149510754741186
  51	 19397.970226513047237	226594.723921307071578	  2781.013408963598977	  1108.345946307011673	 11799.956101660067361	 34872.676761310794973	220512.691852663061582	   382.088410473196859	  1531.149525525401486
  52	 19612.428442325184733	232657.369625925202854	  2834.160396202923494	  1112.674226328706027	 11871.945658304672179	 34936.175998237624299	226664.420463989285054	   377.272343812291695	  1531.149540373070295
  53	 19833.185501867606945	238603.409893650939921	  2901.950365916415649	  1123.107798723577844	 11934.628825043368124	 34988.358392193775217	232730.907136435067514	   374.754675687445797	  1531.149555191722357
  54	 20057.572633834977751	244428.029982431529788	  2970.713938579468959	  1133.676045981346306	 11991.481217920329073	 35031.601810199237661	238689.860617763653863	   371.295557674507450	  1531.149569983661195
  55	 20284.666671797127492	250106.642101037170505	  3043.759313015214502	  1143.919791207751587	 12042.416037845361643	 35064.162253592752677	244519.333398718154058	   368.251385891450752	  1531.149584751166230
  56	 20513.364468224586744	255640.887745344836731	  3119.314844844519484	  1150.832278770815947	 12088.864809165341285	 35086.989518686947122	250212.777688565198332	   368.913474685949950	  1531.149599511356428
  57	 20743.621452797618986	260997.725550499628298	  3200.437522978501875	  1166.891485926885707	 12131.859123101814475	 35107.769268045645731	255753.071907449630089	   366.674531707626727	  1531.149614262057412
  58	 20974.332106260444561	266189.672141007671598	  3272.442615779105381	  1181.784519633199125	 12173.683915775773130	 35127.006781248121115	261126.845385433844058	   363.341616111349708	  1531.149629015030769
  59	 21204.659347636650637	271194.408442652667873	  3346.942492998112357	  1194.417830886360207	 12209.395783106821909	 35129.334290120445075	266326.143907368066721	   364.786001949579884	  1531.149643764083066
  60	 21430.777362459171854	276024.837506943556946	  3414.433091238846373	  1207.600674843278512	 12245.044459107512012	 35136.098141546608531	271350.070990741660353	   358.156962140693224	  1531.149658518640308
  61	 21652.747527524374163	280672.804448132344987	  3486.557119276301819	  1224.021753846381444	 12281.826065596131230	 35152.875854073667142	276189.386158562963828	   354.927490295238215	  1531.149673271306938
  62	 21860.212479334590171	285157.621211935125757	  3561.466699462589531	  1243.705266214988342	 12317.157545433759879	 35170.193312075432914	280859.007187852752395	   351.283112371628192	  1531.149688030830248
  63	 22042.811658278187679	289501.190107364614960	  3635.372546584309021	  1256.882982089325424	 12351.166033150355361	 35186.986388521036133	285354.481149619794451	   348.641422071091029	  1531.149702789194407
  64	 22213.369091894590383	293514.785590362851508	  3715.110161765549947	  1326.000206351458928	 12753.785123867244693	 35389.440459067569464	289722.382020371383987	   378.620978827245096	  1531.149717555065081
  65	 19180.490400757193129	290893.314796677441336	  6123.385945204893687	  1326.000206480028282	   945.216735434261864	 15580.035648793884320	293746.383488857070915	   261.407716939290140	  1531.149717703532588
  66	 19196.965225323168852	288134.245879262161907	  6253.094825003017831	  1326.000206622128871	   926.402739510523134	 15586.603534383180886	291156.021656073862687	   320.401308293412797	  1531.149717867622030
  67	 19221.132929810013593	285195.541549747460522	  6384.508269829120763	  1326.000206770976774	   906.707224538483047	 15593.465711024313350	288413.172774695034605	   368.285470474117915	  1531.149718039495383
  68	 19247.045395891625958	282077.752370746224187	  6516.127130077858055	  1326.000206934922062	   886.234557588769235	 15601.011157351898873	285504.827984640432987	   410.057078296709676	  1531.149718228813072
  69	 19274.339758181951765	278753.280107216211036	  6649.447614626807990	  1326.000207106944572	   864.906207331254905	 15608.918733763688579	282402.871814083191566	   448.646759396026368	  1531.149718427442622
  70	 19307.848802017277194	275222.302187049179338	  6782.910111438719468	  1326.000207295820246	   842.802941962237242	 15617.594241763132231	279110.012296647939365	   485.460049102803850	  1531.149718645540588
  71	 19341.286474637599895	271460.519823697337415	  6918.071429120216635	  1326.000207494332926	   819.762240545680925	 15626.707547548609000	275595.965969231328927	   521.700670721693768	  1531.149718874768951
  72	 19378.232923537187162	267473.277571559476200	  7053.312835737519890	  1326.000207711737403	   795.928606533138691	 15636.684034152240201	271867.865854408242740	   557.788424667694471	  1531.149719125803358
  73	 19418.770425943894224	263231.978881998220459	  7190.248960650653316	  1326.000207940636074	   771.273060826154619	 15647.185570408202693	267899.496648913947865	   594.410825261137120	  1531.149719390113660
  74	 19454.154947257909953	258753.249277574766893	  7327.203539103161347	  1326.000208190777585	   745.884315688956008	 15658.659422836444719	263694.519153347937390	   631.625206994479754	  1531.149719678953716
  75	 19488.224647922343138	254014.511091003922047	  7465.846186684500026	  1326.000208454619951	   719.621434883619486	 15670.760451808697326	259237.035615232423879	   669.967090548904366	  1531.149719983612158
  76	 19520.505355521669117	249029.230024057440460	  7604.445073967664030	  1326.000208742434552	   692.685719273391442	 15683.959966894512036	254537.580049355135998	   709.365106992116580	  1531.149720315962441
  77	 19549.256454669881350	243777.183197406440740	  7744.722055193018605	  1326.000209046565487	   664.962987624022958	 15697.906800088960154	249576.074947607208742	   750.297022282989815	  1531.149720667147676
  78	 19573.464182046613132	238275.830792013439350	  7884.892279873422012	  1326.000209377855754	   636.603318367449219	 15713.098432334556492	244366.212834683508845	   792.609286867608034	  1531.149721049689106
  79	 19598.175941360077559	232500.285159426712198	  8026.727388400532618	  1326.000209728535310	   607.535007186467737	 15729.178574319508698	238891.208017702476354	   837.116593276148251	  1531.149721454628207
  80	 19619.262172693208413	226468.210533683450194	  8168.392900404830471	  1326.000210110055150	   577.916176008420393	 15746.672941414561137	233160.490067992213881	   884.410038828626966	  1531.149721895170842
  81	 19642.842305485315592	220151.695156836096430	  8311.708384796567771	  1326.000210514552464	   547.740759081031683	 15765.220801832383586	227156.945093233487569	   934.054597573704314	  1531.149722362251623
  82	 19659.334211609253543	213571.449844875285635	  8454.794338860514472	  1326.000210954159002	   517.138389131786084	 15785.377922832461991	220887.205721852456918	   985.803761969008974	  1531.149722869868128
  83	 19674.113290058325219	206704.037805346189998	  8599.517412343921023	  1326.000211420903725	   486.059219495324783	 15806.779286951059476	214336.668849304027390	  1040.181533463244250	  1531.149723408820364
  84	 19684.320908714373218	199566.849849338672357	  8743.959380087106183	  1326.000211927584814	   454.732754866759080	 15830.011915939054234	207516.794328387040878	  1096.879894064628843	  1531.149723993893076
  85	 19689.512944029640494	192139.465170231036609	  8890.034674960403208	  1326.000212466125049	   423.400814356329818	 15854.705637741792088	200409.240943275886821	  1156.531299809320217	  1531.149724615765308
  86	 19686.181421566037898	184443.021833270933712	  9035.794910782518855	  1326.000213050025422	   392.007624299254189	 15881.478681099790265	193028.042295961960917	  1218.755506874986168	  1531.149725289990329
  87	 19674.234245874027692	176461.087772597093135	  9183.205193193380182	  1326.000213671045231	   360.529523171841390	 15909.953016514420597	185358.809025682538049	  1284.289372610676992	  1531.149726007091203
  88	 19653.680442543958634	168213.937270244612591	  9330.298392017073638	  1326.000214343254811	   329.199887950610560	 15940.775779251614949	177419.005507631343789	  1352.877455538534377	  1531.149726783301958
  89	 19628.034230997658597	159680.139540883450536	  9479.095992891592687	  1326.000215058153117	   298.212564957306427	 15973.555329751909085	169193.776899678952759	  1425.453470032900668	  1531.149727608808007
  90	 19597.866072652952425	150873.622411752672633	  9627.626844506054113	  1326.000215830337311	   267.639403889858556	 16008.961689767560529	160694.631953512085602	  1502.108638981597551	  1531.149728500455467
  91	 19562.830460329612833	141771.975308718334418	  9777.977720996444987	  1326.000216650741095	   237.527364032843906	 16046.579122428005576	151900.988014324888354	  1583.960381119920612	  1531.149729447792652
  92	 19515.096408597284608	132395.676560075109592	  9928.191457015105698	  1326.000217534235162	   208.064421288761878	 16087.088853949675467	142821.366305008414201	  1670.569333901180016	  1531.149730467965355
  93	 19485.047615988871257	122693.265396164395497	 10080.431924197933768	  1326.000218470818481	   179.403744706320509	 16130.033773556027882	133443.415416932606604	  1763.365497877612825	  1531.149731549454145
  94	 19488.111196358822781	112623.935350998435752	 10232.776209058496534	  1326.000219475205085	   151.688852332481275	 16176.086787992195241	123743.598956716698012	  1862.489117597983750	  1531.149732709227692
  95	 19546.811160437209764	102082.203737820484093	 10387.478340519324775	  1326.000220535941708	   124.963912444958964	 16224.723407367788241	113647.836231243214570	  1969.942613509271041	  1531.149733934077631
  96	 19757.987227559289749	 90869.306868362022215	 10542.669448543454564	  1326.000221666899051	    99.501483203799665	 16276.579202412238374	103076.162676910709706	  2086.678084114005287	  1531.149735240009022
  97	 20240.894395611878281	 78599.440824684468680	 10700.704230806499254	  1326.000222854374670	    74.867799577036138	 16331.026939320550809	 91797.011503416884807	  2216.525367472714152	  1531.149736611202115
  98	 21200.458813478977390	 64642.325190798976109	 10859.782069285654870	  1326.000224110517138	    50.726353324968329	 16388.626831842728279	 79439.524444006034173	  2363.528539469134557	  1531.149738061693370
  99	 24040.390024135442218	 46591.603109703661175	 11022.359716770828527	  1326.000225418698847	    27.710206242587645	 16448.606986820919701	 65338.891020300157834	  2538.484984897639151	  1531.149739572258113
 100	 47469.938803790588281	     0.000000000000125	 11186.705769157140821	     0.000000000000000	     7.874191285334538	 16511.410327330853761	 47074.061405125888996	  2437.107623285537102	  1531.149741153871673
