139494.638959133619210
  2010.383717937702158
  1574.354917243392947
  4017.280996990486074
  4522.109749403435671
  1249.515665046538516
  4745.683927731552103
  1285.084613193798077
  4968.895772474626028
  1321.994520990849651
  5191.654503550129448
  1360.256238323626121
  5413.883789876093033
  1399.880746664343405
  5635.519681224319356
  1440.879036300344524
  5856.500072847202318
  1483.262115542563834
  6076.760212341322585
  1527.040888177192301
  6296.243617941900993
  1572.226104402858709
  6514.914496132444583
  1618.828781553877889
  6732.752000518313253
  1666.860902083223891
  6949.689315767333028
  1716.331786710223469
  7165.668417033865808
  1767.251052730038509
  7380.671459177286124
  1819.629868697426673
  7594.656717977102744
  1873.478058766225786
  7807.607982760473533
  1928.806375065560587
  8019.494673218716343
  1985.624688602868446
  8230.283083657255702
  2043.942530337036942
  8439.959330989790033
  2103.770034158556882
  8648.491151467664167
  2165.116602776709897
  8855.850936400047431
  2227.991237384835131
  9062.014715416373292
  2292.403033700867127
  9267.023362530007944
  2358.363950106196626
  9470.787609649709339
  2425.879606762985532
  9673.318477234613965
  2494.960534803362862
  9874.574605816818803
  2565.613546410841082
 10074.581718495599489
  2637.849717450175831
 10273.284319191468967
  2711.676061750289591
 10470.657242954521280
  2787.098976787933680
 10666.745986411775448
  2864.130327004470928
 10861.467468741995617
  2942.775564065131675
 11036.809785765795823
  3022.109872057058055
 11232.979523608873933
  3104.040824483589859
 11403.526312141513699
  3186.447587305158322
 11595.571377674339601
  3271.504103198848043
 11761.135486331877473
  3356.966550245831513
 11948.803159129920459
  3445.124968450279994
 12109.031956845548848
  3533.612876132853216
 12291.892180572091092
  3624.837553539769033
 12446.371263793520484
  3716.303168029334756
 12623.943076557015956
  3810.539328459542958
 12772.233741858695794
  3904.911918577705364
 12944.026727467582532
  4002.079117754874460
 13085.459773180789853
  4099.255787954220978
     1.119621536819716
     0.167035251597610
