140436.377482463314664
  2015.194953472150246
  1581.792160550035305
  3537.268321058926631
  3992.782182119616209
  1105.889200835172460
  4190.006215782859726
  1137.266028146223107
  4386.909675836533097
  1169.825775360414582
  4583.416320799366076
  1203.578014939641889
  4779.457747179742000
  1238.532430625896495
  4974.977068122205310
  1274.698949186974460
  5169.912503451568227
  1312.086936067549004
  5364.212733288009986
  1350.705972999438245
  5557.831825384478179
  1390.565697318958883
  5750.733652971697666
  1431.675932127728402
  5942.885564093729045
  1474.046515018892251
  6134.255507484203008
  1517.686824806383129
  6324.795319159479732
  1562.604765857816574
  6514.436153880194979
  1608.810133966919011
  6703.200936546802041
  1656.312259297692663
  6891.052514288806378
  1705.119696112051770
  7077.958478991337870
  1755.241250056345280
  7263.900861662909847
  1806.685790401476197
  7448.862082559352530
  1859.462020487839027
  7632.810332084811307
  1913.578009941492837
  7815.724610795305125
  1969.041844168892112
  7997.571652791586530
  2025.861223804392694
  8178.382870745707805
  2084.046136499836393
  8358.115925978738233
  2143.603732387813125
  8536.751370593214233
  2204.541363748006916
  8714.292951230096151
  2266.867891598165443
  8890.694261204969735
  2330.588527689649709
  9065.950215419015876
  2395.711718854042374
  9240.075502374338612
  2462.245598798530864
  9413.032406741844170
  2530.196671520145628
  9584.877392447564489
  2599.576724734086838
  9739.599989167329113
  2669.562586926607764
  9912.661993400944993
  2741.838938767753916
 10063.079025282519069
  2814.532792657917071
 10232.484576812052183
  2889.565121434692173
 10378.461298912758139
  2964.955561824697725
 10543.925552545082610
  3042.724306679803249
 10685.181551051107817
  3120.780627859198376
 10846.448040731906076
  3201.254571384164137
 10982.699322676849988
  3281.937595640673862
 11139.328042600094705
  3365.064010479041372
 11270.147172014725584
  3448.314723680727184
 11421.685885712426170
  3534.025080078867632
 11546.408503061344163
  3619.739494245452534
     0.996951748636761
     0.140821496366740
