135278.360248788783792
  2008.712003915507466
  1539.295465574479294
  5168.709613214793535
  1735.647239911607357
  1735.647239911607357
  1802.072540270163699
  1802.072540270163699
  1873.389921931684967
  1873.389921931684967
  1957.550598412794216
  1957.550598412794216
  2034.938593956698242
  2034.938593956698242
  2116.934999418690040
  2116.934999418690040
  2204.493325421933150
  2204.493325421933150
  2293.396929203168838
  2293.396929203168838
  2386.919370118278039
  2386.919370118278039
  2486.066182310190925
  2486.066182310190925
  2585.773211768613237
  2585.773211768613237
  2694.492159816855747
  2694.492159816855747
  2801.705503026903898
  2801.705503026903898
  2916.836699192384458
  2916.836699192384458
  2988.833622756020304
  2988.833622756020304
  3102.025201044175901
  3102.025201044175901
  3221.354310954679022
  3221.354310954679022
  3360.069393429045704
  3360.069393429045704
  3487.371170248395629
  3487.371170248395629
  3622.520350750084162
  3622.520350750084162
  3763.049561313338017
  3763.049561313338017
  3900.116844204481367
  3900.116844204481367
  4038.474513361527443
  4038.474513361527443
  4160.561607231964445
  4160.561607231964445
  4323.481957294937274
  4323.481957294937274
  4501.951633900014713
  4501.951633900014713
  4677.071524314030285
  4677.071524314030285
  4890.085769383185834
  4890.085769383185834
  5090.258356593788449
  5090.258356593788449
  5329.981918054254493
  5329.981918054254493
  5525.065358834963263
  5525.065358834963263
  5728.101780899498408
  5728.101780899498408
  5922.584886448504221
  5922.584886448504221
  6106.700991375269950
  6106.700991375269950
  6299.631783768670175
  6299.631783768670175
  6484.003684618460284
  6484.003684618460284
  6678.738235259793328
  6678.738235259793328
  6861.571601005669436
  6861.571601005669436
  7032.375704366649188
  7032.375704366649188
  7192.581203188969084
  7192.581203188969084
  7348.332643567394371
  7348.332643567394371
  7519.778701919501145
  7519.778701919501145
  7701.940413685913882
  7701.940413685913882
  7885.646756197380455
  7885.646756197380455
     1.211301271264709
     0.249049929267684
