   1	   1	     1.000000000000001	     0.000000000000000	     0.000000000000000	     0.000000000000000
   1	   2	     0.000065375319028	     0.517659675293426	     0.433852463861730	     0.048422495329742
   1	   3	     0.000433724570688	     0.495455027643993	     0.454511354877730	     0.049599912518051
   1	   4	     0.001688198168289	     0.494278397665072	     0.455629355840200	     0.048404077745117
   1	   5	     0.004377812076016	     0.492873923615295	     0.456704062179812	     0.046044241355770
   1	   6	     0.004750956423648	     0.490866285942589	     0.458253576350215	     0.046129230317873
   1	   7	     0.004883629492816	     0.488069559046943	     0.460375715897954	     0.046671154403055
   1	   8	     0.004572088430721	     0.484756711486204	     0.462880983185329	     0.047790285544108
   1	   9	     0.004520757885388	     0.480980633255060	     0.465816043063474	     0.048682644247377
   1	  10	     0.005196123729239	     0.476976501453175	     0.468953916085212	     0.048873546988168
   1	  11	     0.004719346042626	     0.472973617796125	     0.471969716752707	     0.050337417468606
   1	  12	     0.004423587326976	     0.468584416147786	     0.475392396720425	     0.051599696814259
   1	  13	     0.005763822202432	     0.396558579675921	     0.532343789550153	     0.065333905209696
   1	  14	     0.005952629586733	     0.369916319022061	     0.550733060842061	     0.073398087003013
   1	  15	     0.005939462257308	     0.333357251620525	     0.582735190449109	     0.077968191994716
   1	  16	     0.002181702430924	     0.296973952332166	     0.616077714066478	     0.084766727377266
   1	  17	     0.001706174896361	     0.285439560691117	     0.625266221473303	     0.087588139041743
   1	  18	     0.001623743764283	     0.275526284386510	     0.633546891858645	     0.089303175999016
   1	  19	     0.002998714263483	     0.265997517999196	     0.641745922333377	     0.089257941328911
   1	  20	     0.003081416236476	     0.257420065853794	     0.649171410723345	     0.090327203037875
   1	  21	     0.003244375497403	     0.249964065698039	     0.655485115891266	     0.091306538699823
   1	  22	     0.003504118284912	     0.242740087198906	     0.661598626893933	     0.092157253811726
   1	  23	     0.003386673299085	     0.232469998290948	     0.675639085381720	     0.088504319857282
   1	  24	     0.003244230243799	     0.221757992664654	     0.689009161050580	     0.085988683642677
   1	  25	     0.002368369425262	     0.211997491002454	     0.700976481623540	     0.084657716390709
   1	  26	     0.006140321913394	     0.203415802217534	     0.711416596961830	     0.079027328221791
   1	  27	     0.006562379212847	     0.195298961392629	     0.721298297301760	     0.076840402294392
   1	  28	     0.006856495644449	     0.187565157279301	     0.730358675565614	     0.075219702605729
   1	  29	     0.007630231632811	     0.180375898143591	     0.738674340306570	     0.073319551909317
   1	  30	     0.007723171428985	     0.173798255170626	     0.746330963532712	     0.072147622761367
   1	  31	     0.007759109796521	     0.167496644138584	     0.753373428783585	     0.071370821082837
   1	  32	     0.007489601611111	     0.161595576774177	     0.759847210251690	     0.071067625100798
   1	  33	     0.007572886742775	     0.161243936769640	     0.763307729330898	     0.067875470846366
   1	  34	     0.007312972878937	     0.158777174637691	     0.767226262082326	     0.066683624024442
   1	  35	     0.007119950992182	     0.155318765825435	     0.771234427839978	     0.066326898886593
   1	  36	     0.006994378959333	     0.151506822451903	     0.775157059260575	     0.066341792782191
   1	  37	     0.006843359083424	     0.147860291599075	     0.778696103970989	     0.066600308707617
   1	  38	     0.006548064237917	     0.144080096628967	     0.782258475866333	     0.067113436531472
   1	  39	     0.006110037568595	     0.140536371082870	     0.785649063393945	     0.067704611124588
   1	  40	     0.005663786895228	     0.136984241369739	     0.788890163845485	     0.068461900963982
   1	  41	     0.005190131525324	     0.133637521326612	     0.791945593580195	     0.069226856549854
   1	  42	     0.004520742898180	     0.130401208997492	     0.794848880196945	     0.070229280796901
   1	  43	     0.004099516652323	     0.127147052154047	     0.797757810812783	     0.070995743181397
   1	  44	     0.003831071454271	     0.124149498113804	     0.800452118188561	     0.071567444955234
   1	  45	     0.003685925838728	     0.121398679300679	     0.802877799137363	     0.072037738349986
   2	   1	     1.000000000000001	     0.000000000000000	     0.000000000000000	     0.000000000000000
   2	   2	     0.000004593344373	     0.444136266294953	     0.508394513909766	     0.047464636495929
   2	   3	     0.000724248012456	     0.435321275675009	     0.516711940500638	     0.047242555902498
   2	   4	     0.002854989679493	     0.434672869419350	     0.517311979430368	     0.045160191608118
   2	   5	     0.007443651343849	     0.433377238280012	     0.518301760583492	     0.040877389978178
   2	   6	     0.007769582173864	     0.431293800389561	     0.520032688720594	     0.040903978951383
   2	   7	     0.008074917618065	     0.428323254322151	     0.522340677240139	     0.041261211106719
   2	   8	     0.008192757636094	     0.424768583806969	     0.525109793667044	     0.041928935230569
   2	   9	     0.008253341669505	     0.420784234642985	     0.528224986250837	     0.042737517832977
   2	  10	     0.009019935841334	     0.416519165352568	     0.531654667800885	     0.042806321459300
   2	  11	     0.008892495978953	     0.412087641544889	     0.535190362887834	     0.043829600102446
   2	  12	     0.008488296164711	     0.407540178392308	     0.538965346653861	     0.045006276075097
   2	  13	     0.011224814783926	     0.363497253180144	     0.568782171779742	     0.056495854638608
   2	  14	     0.012061457356771	     0.338446372028294	     0.585886549298867	     0.063605712805446
   2	  15	     0.013085490752204	     0.321280898318154	     0.598296301203235	     0.067337398272388
   2	  16	     0.005022059078519	     0.308488477467492	     0.607979571079202	     0.078509977926580
   2	  17	     0.004358768437441	     0.299037050785066	     0.615002046058991	     0.081602217235997
   2	  18	     0.004449734749016	     0.291209049994954	     0.621008698400210	     0.083332596308355
   2	  19	     0.007696389179470	     0.284170383872246	     0.626511376098545	     0.081621927212586
   2	  20	     0.007955965715395	     0.277723975202693	     0.631582518371368	     0.082737613961777
   2	  21	     0.008670827045942	     0.271679117471442	     0.636317194166914	     0.083332931433889
   2	  22	     0.009592814955286	     0.265897605410872	     0.640845564425893	     0.083664079881866
   2	  23	     0.009362798724776	     0.256520799920525	     0.653511105771318	     0.080605355212772
   2	  24	     0.008721927539757	     0.246928309268114	     0.665626774771119	     0.078723043231495
   2	  25	     0.006663729717762	     0.238074673078656	     0.676620007075181	     0.078641640254506
   2	  26	     0.010316549235064	     0.229964703835373	     0.686536485130097	     0.073182307331217
   2	  27	     0.012359578753291	     0.222526635213830	     0.695577196671731	     0.069536630367190
   2	  28	     0.013524077473424	     0.215534213160597	     0.703869126257778	     0.067072619647559
   2	  29	     0.016697641985217	     0.208997424493357	     0.711533499907856	     0.062771465741916
   2	  30	     0.018154251787654	     0.202906114322528	     0.718660872197832	     0.060278789465067
   2	  31	     0.020797431567611	     0.197018923880149	     0.725313664384120	     0.056870003643727
   2	  32	     0.021036253571061	     0.191420285597436	     0.731544128825828	     0.055999365182437
   2	  33	     0.021392082011343	     0.193331130227177	     0.732650034513260	     0.052626796178809
   2	  34	     0.021253962353526	     0.191563446535896	     0.735737624541739	     0.051445019234589
   2	  35	     0.021105428890879	     0.188200376687033	     0.739528874874589	     0.051165381926353
   2	  36	     0.021119200878965	     0.184306231840208	     0.743422689199791	     0.051151950156432
   2	  37	     0.020992936799226	     0.180851777226297	     0.746674790337514	     0.051480577399699
   2	  38	     0.020824566771184	     0.176841342690358	     0.750389065255714	     0.051945116726421
   2	  39	     0.020401284068312	     0.172908261252156	     0.754000938812564	     0.052689616988780
   2	  40	     0.019296416007686	     0.169064826457059	     0.757500008768456	     0.054138859564128
   2	  41	     0.017993443600688	     0.165410112131686	     0.760846981087804	     0.055749583652038
   2	  42	     0.016185259309008	     0.161818823222217	     0.764056171300985	     0.057939876313610
   2	  43	     0.015106916319290	     0.157888027777862	     0.767650547476676	     0.059354648245795
   2	  44	     0.014218160329915	     0.154368505759870	     0.770870556894550	     0.060542926508383
   2	  45	     0.013636537475403	     0.151200217208418	     0.773738025028090	     0.061425379454491
